00001 0.000000 0.000000 -0.000000
00002 0.000000 0.000000 -0.000000
00003 0.000000 0.000000 -0.000000
00004 0.000000 0.000000 -0.000000
00005 0.000000 0.000000 -0.000000
00006 0.000000 0.000000 -0.000000
00007 0.000000 0.000000 -0.000000
00008 0.000000 0.000000 -0.000000
00009 0.000000 0.000000 -0.000000
00010 0.000000 0.000000 -0.000000
00011 0.000000 0.000000 -0.000000
00012 0.000000 0.000000 -0.000000
00013 0.000000 0.000000 -0.000000
00014 0.000000 0.000000 -0.000000
00015 0.000000 0.000000 -0.000000
00016 0.000000 0.000000 -0.000000
00017 0.000000 0.000000 -0.000000
00018 0.000000 0.000000 -0.000000
00019 0.000000 0.000000 -0.000000
00020 0.000000 0.000000 -0.000000
00021 0.000000 0.000000 -0.000000
00022 0.000000 0.000000 -0.000000
00023 0.000000 0.000000 -0.000000
00024 0.000000 0.000000 -0.000000
00025 0.000000 0.000000 -0.000000
00026 0.000000 0.000000 -0.000000
00027 0.000000 0.000000 -0.000000
00028 0.000000 0.000000 -0.000000
00029 0.000000 0.000000 -0.000000
00030 0.000000 0.000000 -0.000000
00031 0.000000 0.000000 -0.000000
00032 0.000000 0.000000 -0.000000
00033 0.000000 0.000000 -0.000000
00034 0.000000 0.000000 -0.000000
00035 0.000000 0.000000 -0.000000
00036 0.000000 0.000000 -0.000000
00037 0.000000 0.000000 -0.000000
00038 0.000000 0.000000 -0.000000
00039 0.000000 0.000000 -0.000000
00040 0.000000 0.000000 -0.000000
00041 0.000000 0.000000 -0.000000
00042 0.000000 0.000000 -0.000000
00043 0.000000 0.000000 -0.000000
00044 0.000000 0.000000 -0.000000
00045 0.000000 0.000000 -0.000000
00046 0.000000 0.000000 -0.000000
00047 0.000000 0.000000 -0.000000
00048 0.000000 0.000000 -0.000000
00049 0.000000 0.000000 -0.000000
00050 0.000000 0.000000 -0.000000
00051 0.000000 0.000000 -0.000000
00052 0.000000 0.000000 -0.000000
00053 0.000000 0.000000 -0.000000
00054 0.000000 0.000000 -0.000000
00055 0.000000 0.000000 -0.000000
00056 0.000000 0.000000 -0.000000
00057 0.000000 0.000000 -0.000000
00058 0.000000 0.000000 -0.000000
00059 0.000000 0.000000 -0.000000
00060 0.000000 0.000000 -0.000000
00061 0.000000 0.000000 -0.000000
00062 -0.000000 0.008506 -0.000025
00063 -0.000002 0.040676 -0.000119
00064 -0.000008 0.075357 -0.000221
00065 -0.000018 0.110317 -0.000322
00066 -0.000031 0.146053 -0.000424
00067 -0.000053 0.192737 -0.000521
00068 -0.000083 0.252640 -0.000485
00069 -0.000114 0.328170 -0.000332
00070 -0.000135 0.413024 -0.000157
00071 -0.000140 0.511137 0.000045
00072 -0.000125 0.614843 0.000259
00073 -0.000074 0.743995 0.000525
00074 -0.000005 0.852641 0.000754
00075 0.000106 0.975325 0.001049
00076 0.000250 1.094711 0.001362
00077 0.000454 1.227347 0.001721
00078 0.000709 1.361062 0.002094
00079 0.001050 1.508969 0.002506
00080 0.001451 1.657003 0.002918
00081 0.001921 1.807374 0.003337
00082 0.002464 1.960374 0.003763
00083 0.003084 2.115960 0.004196
00084 0.003833 2.285104 0.004667
00085 0.004544 2.431034 0.005074
00086 0.005370 2.587229 0.005497
00087 0.006347 2.757854 0.005959
00088 0.007336 2.917973 0.006392
00089 0.008903 3.151651 0.007025
00090 0.010358 3.351165 0.007560
00091 0.011712 3.524863 0.008026
00092 0.013395 3.727672 0.008570
00093 0.015123 3.923400 0.009083
00094 0.016907 4.114669 0.009575
00095 0.018835 4.310889 0.010074
00096 0.020805 4.501907 0.010550
00097 0.023011 4.706251 0.011042
00098 0.025393 4.917206 0.011539
00099 0.027763 5.118418 0.012013
00100 0.030334 5.328126 0.012506
00101 0.032894 5.529050 0.012979
00102 0.035794 5.748182 0.013490
00103 0.039224 5.997180 0.014056
00104 0.042478 6.225068 0.014494
00105 0.045846 6.454949 0.014809
00106 0.048977 6.665194 0.014974
00107 0.052083 6.872461 0.014998
00108 0.055461 7.098461 0.014887
00109 0.058433 7.298808 0.014783
00110 0.062254 7.558969 0.014593
00111 0.066408 7.847165 0.014229
00112 0.069374 8.057732 0.013944
00113 0.072398 8.276929 0.013648
00114 0.075381 8.497889 0.013349
00115 0.078484 8.733135 0.013031
00116 0.081888 8.997987 0.012674
00117 0.084691 9.221825 0.012371
00118 0.087587 9.458966 0.012051
00119 0.090262 9.683090 0.011817
00120 0.092687 9.890899 0.011520
00121 0.095298 10.121186 0.011159
00122 0.097753 10.344689 0.010808
00123 0.100290 10.583466 0.010434
00124 0.102437 10.792586 0.010105
00125 0.104931 11.044310 0.009711
00126 0.106957 11.256530 0.009378
00127 0.108959 11.472879 0.009133
00128 0.110856 11.686188 0.008650
00129 0.112662 11.900384 0.008211
00130 0.114443 12.120185 0.007999
00131 0.116099 12.333022 0.007563
00132 0.117802 12.564416 0.007156
00133 0.119298 12.778630 0.006803
00134 0.120803 13.006656 0.006402
00135 0.122261 13.241992 0.005988
00136 0.123508 13.456962 0.005610
00137 0.124778 13.692044 0.005197
00138 0.125921 13.920908 0.004794
00139 0.126884 14.129688 0.004427
00140 0.127824 14.351862 0.004036
00141 0.128648 14.567748 0.003594
00142 0.129401 14.791107 0.003153
00143 0.130029 14.999850 0.002860
00144 0.130607 15.214426 0.002523
00145 0.131235 15.486617 0.002096
00146 0.131678 15.717698 0.001734
00147 0.132032 15.945290 0.001377
00148 0.132306 16.174163 0.001018
00149 0.132489 16.390299 0.000679
00150 0.132601 16.610699 0.000333
00151 0.132636 16.828917 -0.000009
00152 0.132595 17.050434 -0.000357
00153 0.132478 17.271744 -0.000704
00154 0.132282 17.494853 -0.001054
00155 0.132010 17.716763 -0.001402
00156 0.131618 17.962487 -0.001781
00157 0.131195 18.184840 -0.002027
00158 0.130739 18.401562 -0.002185
00159 0.130247 18.621025 -0.002292
00160 0.129655 18.875018 -0.002373
00161 0.129104 19.103602 -0.002446
00162 0.128547 19.327927 -0.002517
00163 0.127929 19.569184 -0.002613
00164 0.127340 19.790592 -0.002707
00165 0.126709 20.018788 -0.002819
00166 0.126063 20.243488 -0.002929
00167 0.125403 20.463658 -0.003071
00168 0.124659 20.696559 -0.003314
00169 0.123896 20.914194 -0.003702
00170 0.122937 21.155366 -0.004248
00171 0.121940 21.376811 -0.004755
00172 0.120820 21.600312 -0.005267
00173 0.119565 21.827405 -0.005787
00174 0.118066 22.074295 -0.006353
00175 0.116624 22.292809 -0.006853
00176 0.114973 22.524636 -0.007384
00177 0.113179 22.759087 -0.007921
00178 0.111320 22.986309 -0.008441
00179 0.109314 23.216769 -0.008969
00180 0.107213 23.444399 -0.009490
00181 0.105017 23.669651 -0.010006
00182 0.102520 23.912500 -0.010562
00183 0.100151 24.131539 -0.011064
00184 0.097582 24.358416 -0.011583
00185 0.094726 24.599250 -0.012135
00186 0.091979 24.820947 -0.012643
00187 0.088677 25.076232 -0.013227
00188 0.085432 25.316519 -0.013778
00189 0.082439 25.529974 -0.014266
00190 0.078928 25.771400 -0.014819
00191 0.074903 26.034967 -0.015716
00192 0.070638 26.297395 -0.016791
00193 0.066570 26.532868 -0.017755
00194 0.062275 26.768329 -0.018720
00195 0.057621 27.010505 -0.019711
00196 0.052843 27.247045 -0.020680
00197 0.048098 27.471512 -0.021600
00198 0.042916 27.706142 -0.022561
00199 0.036037 28.002986 -0.023777
00200 0.029913 28.255127 -0.024794
00201 0.024030 28.487980 -0.025723
00202 0.017882 28.722753 -0.026641
00203 0.011171 28.970112 -0.027602
00204 0.005103 29.186592 -0.028443
00205 -0.001592 29.418397 -0.029312
00206 -0.008500 29.650903 -0.030092
00207 -0.015800 29.890637 -0.030788
00208 -0.022984 30.121741 -0.031361
00209 -0.030341 30.354908 -0.031727
00210 -0.037648 30.585061 -0.031748
00211 -0.045552 30.836266 -0.031156
00212 -0.052275 31.055905 -0.030046
00213 -0.059092 31.290872 -0.027965
00214 -0.065177 31.521690 -0.024747
00215 -0.070446 31.757865 -0.019870
00216 -0.074166 31.980828 -0.013494
00217 -0.076233 32.206441 -0.004825
00218 -0.075852 32.477180 0.007638
00219 -0.071855 32.754403 0.021192
00220 -0.065866 32.977983 0.032377
00221 -0.057083 33.206468 0.044462
00222 -0.046095 33.421995 0.057418
00223 -0.030915 33.652500 0.074097
00224 -0.012464 33.872664 0.093128
00225 0.012848 34.111548 0.118002
00226 0.042094 34.332604 0.145067
00227 0.077560 34.551646 0.175977
00228 0.121612 34.776201 0.211452
00229 0.173279 34.996337 0.249613
00230 0.225157 35.185861 0.284760
00231 0.294728 35.405598 0.328483
00232 0.365495 35.600029 0.369650
00233 0.446340 35.795845 0.413440
00234 0.529935 35.975912 0.455831
00235 0.628840 36.166107 0.503236
00236 0.733133 36.345405 0.550435
00237 0.842634 36.514720 0.597714
00238 0.970348 36.692153 0.650051
00239 1.098054 36.851768 0.699537
00240 1.231130 37.002304 0.748287
00241 1.374719 37.149431 0.798169
00242 1.521345 37.285578 0.846717
00243 1.677399 37.416844 0.896195
00244 1.846848 37.545340 0.947794
00245 2.007882 37.655354 0.995114
00246 2.185205 37.764187 1.045535
00247 2.362415 37.861211 1.094197
00248 2.569808 37.961209 1.148835
00249 2.797610 38.055884 1.204993
00250 2.986754 38.123714 1.247946
00251 3.187480 38.186282 1.289316
00252 3.386250 38.239818 1.326087
00253 3.594386 38.287989 1.360632
00254 3.795402 38.327740 1.390506
00255 4.007100 38.363277 1.418449
00256 4.231060 38.394689 1.444450
00257 4.461337 38.421218 1.467748
00258 4.673420 38.441104 1.486862
00259 4.892677 38.457646 1.504118
00260 5.116061 38.470831 1.519563
00261 5.344917 38.480957 1.533595
00262 5.569689 38.487964 1.545669
00263 5.801341 38.492553 1.556312
00264 6.020807 38.494801 1.564796
00265 6.231745 38.495307 1.571995
00266 6.449229 38.494289 1.578966
00267 6.676930 38.491699 1.585372
00268 6.901811 38.487840 1.590541
00269 7.124214 38.482981 1.594740
00270 7.345291 38.477314 1.598105
00271 7.572327 38.470803 1.600831
00272 7.783970 38.464257 1.602598
00273 7.998242 38.457361 1.603344
00274 8.187525 38.451229 1.603011
00275 8.368636 38.445503 1.601793
00276 8.542870 38.440264 1.599920
00277 9.083550 38.427014 1.590677
00278 9.296267 38.423163 1.587119
00279 9.474872 38.420508 1.584201
00280 9.657523 38.418330 1.581232
00281 9.841146 38.416688 1.578247
00282 10.037274 38.415540 1.575058
00283 10.223030 38.415029 1.572038
00284 10.434856 38.415130 1.568600
00285 10.613421 38.415774 1.565771
00286 10.776302 38.416797 1.563259
00287 10.949928 38.418327 1.560717
00288 11.098626 38.419977 1.558684
00289 11.263025 38.422147 1.556505
00290 11.445234 38.424961 1.554203
00291 11.600666 38.427693 1.552248
00292 11.772298 38.431062 1.550093
00293 11.955604 38.435067 1.547805
00294 12.126466 38.439173 1.545731
00295 12.315384 38.444125 1.543451
00296 12.508900 38.449635 1.541209
00297 12.725366 38.456278 1.539033
00298 12.918565 38.462585 1.537288
00299 13.127047 38.469735 1.535745
00300 13.341166 38.477368 1.534580
00301 13.556705 38.485229 1.534103
00302 13.779586 38.493342 1.534718
00303 13.981474 38.500477 1.536219
00304 14.194745 38.507563 1.538954
00305 14.443926 38.514920 1.543607
00306 14.707443 38.521191 1.550399
00307 14.917297 38.524744 1.557329
00308 15.136531 38.526643 1.566946
00309 15.328715 38.526383 1.577346
00310 15.523580 38.523818 1.590576
00311 15.713403 38.518586 1.606129
00312 15.915183 38.509512 1.625343
00313 16.101561 38.497471 1.645278
00314 16.298135 38.480396 1.669604
00315 16.471517 38.461000 1.694802
00316 16.644442 38.436950 1.723170
00317 16.815962 38.407865 1.754373
00318 16.987959 38.372818 1.789244
00319 17.165936 38.329447 1.830414
00320 17.296867 38.292363 1.863189
00321 17.424663 38.251582 1.896191
00322 17.558542 38.203776 1.931349
00323 17.672711 38.158705 1.962219
00324 17.785797 38.109900 1.994236
00325 17.896368 38.057884 2.026783
00326 17.998825 38.005673 2.057390
00327 18.087042 37.957484 2.084129
00328 18.179551 37.903583 2.112597
00329 18.268892 37.848094 2.140561
00330 18.355201 37.791115 2.168024
00331 18.436842 37.734001 2.194444
00332 18.520190 37.672282 2.221927
00333 18.599068 37.610506 2.248487
00334 18.677762 37.545395 2.275554
00335 18.749865 37.482482 2.300906
00336 18.830207 37.408446 2.329826
00337 18.898684 37.341824 2.355111
00338 18.961771 37.277353 2.378983
00339 19.021461 37.213412 2.402138
00340 19.085879 37.140940 2.427789
00341 19.147320 37.068175 2.452966
00342 19.202565 36.999433 2.476271
00343 19.270497 36.910165 2.505916
00344 19.322253 36.838275 2.529324
00345 19.368559 36.770800 2.550959
00346 19.421660 36.689356 2.576662
00347 19.464108 36.620782 2.597962
00348 19.511021 36.540972 2.622411
00349 19.553842 36.463976 2.645679
00350 19.593887 36.387907 2.668382
00351 19.632444 36.310431 2.691238
00352 19.667921 36.234946 2.713260
00353 19.706063 36.148579 2.738178
00354 19.738172 36.070983 2.760333
00355 19.769074 35.991305 2.782878
00356 19.800533 35.904178 2.807311
00357 19.828329 35.821061 2.830428
00358 19.855125 35.734183 2.854398
00359 19.878055 35.653255 2.876575
00360 19.898771 35.573509 2.898298
00361 19.918264 35.491048 2.920638
00362 19.935532 35.410046 2.942474
00363 19.950499 35.331627 2.963523
00364 19.963883 35.252468 2.984690
00365 19.974604 35.180194 3.003953
00366 19.984261 35.104947 3.023955
00367 19.991921 35.034495 3.042639
00368 19.998079 34.966182 3.060723
00369 20.002530 34.905157 3.076852
00370 20.006394 34.835700 3.095189
00371 20.008138 34.792939 3.106470
00372 20.009006 34.765383 3.113738
00373 20.009411 34.749680 3.117879
00374 20.009537 34.744198 3.119323
00375 20.009537 34.744198 3.119323
00376 20.009537 34.744198 3.119323
00377 20.009537 34.744198 3.119323
00378 20.009537 34.744198 3.119323
00379 20.009537 34.744198 3.119323
00380 20.009537 34.744198 3.119323
00381 20.009537 34.744198 3.119323
00382 20.009537 34.744198 3.119323
00383 20.009537 34.744198 3.119323
00384 20.009537 34.744198 3.119323
00385 20.009537 34.744198 3.119323
00386 20.009537 34.744198 3.119323
00387 20.009537 34.744198 3.119323
00388 20.009537 34.744198 3.119323
00389 20.009537 34.744198 3.119323
00390 20.009537 34.744198 3.119323
00391 20.009537 34.744198 3.119323
00392 20.009537 34.744198 3.119323
00393 20.009537 34.744198 3.119323
00394 20.009537 34.744198 3.119323
00395 20.009537 34.744198 3.119323
00396 20.009537 34.744198 3.119323
00397 20.009537 34.744198 3.119323
00398 20.009537 34.744198 3.119323
00399 20.009537 34.744198 3.119323
00400 20.009537 34.744198 3.119323
00401 20.009537 34.744198 3.119323
00402 20.009537 34.744198 3.119323
00403 20.009537 34.744198 3.119323
00404 20.009537 34.744198 3.119323
00405 20.009537 34.744198 3.119323
00406 20.009537 34.744198 3.119323
00407 20.009537 34.744198 3.119323
00408 20.009537 34.744198 3.119323
00409 20.009537 34.744198 3.119323
00410 20.009537 34.744198 3.119323
00411 20.009537 34.744198 3.119323
00412 20.009537 34.744198 3.119323
00413 20.009537 34.744198 3.119323
00414 20.009537 34.744198 3.119323
00415 20.009537 34.744198 3.119323
00416 20.009537 34.744198 3.119323
00417 20.009537 34.744198 3.119323
00418 20.009537 34.744198 3.119323
00419 20.009537 34.744198 3.119323
00420 20.009537 34.744198 3.119323
00421 20.009537 34.744198 3.119323
00422 20.009537 34.744198 3.119323
00423 20.009537 34.744198 3.119323
00424 20.009537 34.744198 3.119323
00425 20.009537 34.744198 3.119323
00426 20.009537 34.744198 3.119323
00427 20.009537 34.744198 3.119323
00428 20.009537 34.744198 3.119323
00429 20.009537 34.744198 3.119323
00430 20.009537 34.744198 3.119323
00431 20.009537 34.744198 3.119323
00432 20.009537 34.744198 3.119323
00433 20.009537 34.744198 3.119323
00434 20.009537 34.744198 3.119323
00435 20.009537 34.744198 3.119323
00436 20.009537 34.744198 3.119323
00437 20.009537 34.744198 3.119323
00438 20.009537 34.744198 3.119323
00439 20.009537 34.744198 3.119323
00440 20.009537 34.744198 3.119323
00441 20.009537 34.744198 3.119323
00442 20.009537 34.744198 3.119323
00443 20.009537 34.744198 3.119323
00444 20.009537 34.744198 3.119323
00445 20.009537 34.744198 3.119323
00446 20.009537 34.744198 3.119323
00447 20.009537 34.744198 3.119323
00448 20.009537 34.744198 3.119323
00449 20.009537 34.744198 3.119323
00450 20.009537 34.744198 3.119323
00451 20.009537 34.744198 3.119323
00452 20.009537 34.744198 3.119323
00453 20.009537 34.744198 3.119323
00454 20.009537 34.744198 3.119323
00455 20.009537 34.744198 3.119323
00456 20.009537 34.744198 3.119323
00457 20.009537 34.744198 3.119323
00458 20.009537 34.744198 3.119323
00459 20.009537 34.744198 3.119323
00460 20.009537 34.744198 3.119323
00461 20.009537 34.744198 3.119323
00462 20.009537 34.744198 3.119323
00463 20.009537 34.744198 3.119323
00464 20.009537 34.744198 3.119323
00465 20.009537 34.744198 3.119323
00466 20.009537 34.744198 3.119323
00467 20.009537 34.744198 3.119323
00468 20.009537 34.744198 3.119323
00469 20.009537 34.744198 3.119323
00470 20.009537 34.744198 3.119323
00471 20.009537 34.744198 3.119323
00472 20.009537 34.744198 3.119323
00473 20.009537 34.744198 3.119323
00474 20.009537 34.744198 3.119323
00475 20.009537 34.744198 3.119323
00476 20.009537 34.744198 3.119323
00477 20.009537 34.744198 3.119323
00478 20.009537 34.744198 3.119323
00479 20.009537 34.744198 3.119323
00480 20.009537 34.744198 3.119323
00481 20.009537 34.744198 3.119323
00482 20.009537 34.744198 3.119323
00483 20.009537 34.744198 3.119323
00484 20.009537 34.744198 3.119323
00485 20.009537 34.744198 3.119323
00486 20.009537 34.744198 3.119323
00487 20.009537 34.744198 3.119323
00488 20.009537 34.744198 3.119323
00489 20.009537 34.744198 3.119323
00490 20.009537 34.744198 3.119323
00491 20.009537 34.744198 3.119323
00492 20.009537 34.744198 3.119323
00493 20.009537 34.744198 3.119323
00494 20.009537 34.744198 3.119323
00495 20.009537 34.744198 3.119323
00496 20.009537 34.744198 3.119323
00497 20.009537 34.744198 3.119323
00498 20.009537 34.744198 3.119323
00499 20.009537 34.744198 3.119323
00500 20.009537 34.744198 3.119323
00501 20.009736 34.734999 3.120682
00502 20.010262 34.707272 3.124527
00503 20.010809 34.670297 3.129087
00504 20.011261 34.625937 3.133728
00505 20.011540 34.577922 3.137839
00506 20.011643 34.524483 3.141474
00507 20.011530 34.459729 -3.137973
00508 20.011133 34.388000 -3.134150
00509 20.010412 34.311308 -3.130236
00510 20.009348 34.231701 -3.126223
00511 20.007862 34.146658 -3.122001
00512 20.005822 34.052957 -3.117657
00513 20.003221 33.952579 -3.113726
00514 20.000480 33.859126 -3.110814
00515 19.997244 33.757712 -3.108566
00516 19.993793 33.655619 -3.107041
00517 19.990014 33.548000 -3.105947
00518 19.986058 33.437888 -3.105413
00519 19.981910 33.322868 -3.105677
00520 19.977503 33.198377 -3.106739
00521 19.973600 33.084071 -3.108184
00522 19.969304 32.952040 -3.109953
00523 19.965107 32.815604 -3.111716
00524 19.959979 32.638197 -3.113685
00525 19.956297 32.503041 -3.115018
00526 19.952752 32.366613 -3.116211
00527 19.949198 32.223112 -3.117454
00528 19.945756 32.076703 -3.118722
00529 19.942321 31.921998 -3.120061
00530 19.939282 31.776680 -3.121301
00531 19.936227 31.621522 -3.122515
00532 19.933247 31.460457 -3.123673
00533 19.930450 31.299248 -3.124812
00534 19.927888 31.141375 -3.125923
00535 19.925376 30.974852 -3.127095
00536 19.923206 30.819275 -3.128191
00537 19.920808 30.631103 -3.129515
00538 19.918913 30.466237 -3.130676
00539 19.917082 30.288359 -3.131928
00540 19.915514 30.115216 -3.133147
00541 19.914040 29.925724 -3.134481
00542 19.912907 29.751258 -3.135709
00543 19.911980 29.575195 -3.136952
00544 19.911289 29.403930 -3.138162
00545 19.910785 29.223320 -3.139438
00546 19.910502 29.031947 -3.140790
00547 19.910472 28.850085 3.141111
00548 19.910688 28.661787 3.139781
00549 19.911150 28.474956 3.138461
00550 19.911926 28.273105 3.137035
00551 19.912879 28.090004 3.135741
00552 19.914190 27.890081 3.134334
00553 19.915658 27.704274 3.133051
00554 19.917343 27.518859 3.131961
00555 19.919275 27.327389 3.131041
00556 19.921392 27.133831 3.130270
00557 19.923758 26.930926 3.129590
00558 19.926179 26.734528 3.128951
00559 19.928762 26.535250 3.128304
00560 19.931279 26.350071 3.127702
00561 19.934892 26.097333 3.126895
00562 19.938794 25.836473 3.126374
00563 19.941768 25.642200 3.126198
00564 19.944758 25.449016 3.126040
00565 19.948058 25.237990 3.125868
00566 19.951447 25.023702 3.125693
00567 19.954379 24.840232 3.125532
00568 19.957410 24.652488 3.125367
00569 19.961672 24.391651 3.125137
00570 19.965069 24.186376 3.124957
00571 19.968261 23.995460 3.124789
00572 19.971828 23.784418 3.124603
00573 19.975442 23.572846 3.124417
00574 19.978758 23.380730 3.124248
00575 19.982228 23.181694 3.124073
00576 19.985639 22.987982 3.123903
00577 19.989306 22.781733 3.123721
00578 19.992885 22.582480 3.123546
00579 19.996300 22.394073 3.123393
00580 20.000062 22.188132 3.123259
00581 20.003633 21.993165 3.123306
00582 20.007610 21.774013 3.123581
00583 20.011005 21.584298 3.123819
00584 20.014681 21.376051 3.124074
00585 20.018341 21.165668 3.124321
00586 20.021613 20.975002 3.124544
00587 20.024844 20.784219 3.124768
00588 20.028193 20.583831 3.125002
00589 20.032594 20.316028 3.125316
00590 20.035955 20.107982 3.125560
00591 20.040026 19.851754 3.125853
00592 20.043453 19.632269 3.126104
00593 20.046411 19.439924 3.126325
00594 20.049471 19.238024 3.126556
00595 20.052610 19.027604 3.126796
00596 20.055632 18.821720 3.127032
00597 20.058545 18.620056 3.127263
00598 20.061376 18.420984 3.127491
00599 20.064010 18.232743 3.127706
00600 20.066940 18.019891 3.127950
00601 20.069701 17.815888 3.128170
00602 20.072347 17.617208 3.128384
00603 20.075085 17.408076 3.128610
00604 20.077620 17.211253 3.128823
00605 20.080334 16.996800 3.129054
00606 20.082749 16.802561 3.129264
00607 20.085090 16.611044 3.129471
00608 20.087395 16.419365 3.129667
00609 20.089788 16.217394 3.129820
00610 20.092124 16.017777 3.129971
00611 20.094490 15.812722 3.130132
00612 20.096871 15.603455 3.130296
00613 20.099129 15.402218 3.130455
00614 20.101227 15.212615 3.130604
00615 20.103523 15.002097 3.130769
00616 20.105650 14.803852 3.130955
00617 20.107727 14.606974 3.131135
00618 20.110329 14.355392 3.131364
00619 20.112464 14.144757 3.131556
00620 20.114434 13.946689 3.131736
00621 20.116365 13.748990 3.131916
00622 20.118242 13.553210 3.132095
00623 20.120126 13.353964 3.132181
00624 20.121901 13.167512 3.131960
00625 20.123799 12.975099 3.131498
00626 20.125963 12.769856 3.130599
00627 20.128295 12.568725 3.129406
00628 20.130659 12.384034 3.128183
00629 20.133446 12.185723 3.126892
00630 20.136678 11.974738 3.125657
00631 20.139826 11.782186 3.124839
00632 20.143091 11.590674 3.124252
00633 20.146412 11.401556 3.123809
00634 20.150694 11.164540 3.123254
00635 20.154992 10.933591 3.122713
00636 20.158474 10.751237 3.122286
00637 20.162593 10.540603 3.121793
00638 20.166392 10.350881 3.121349
00639 20.170596 10.145608 3.120879
00640 20.174575 9.954962 3.120570
00641 20.178629 9.762557 3.120488
00642 20.183039 9.553488 3.120511
00643 20.187093 9.361147 3.120532
00644 20.191526 9.150586 3.120556
00645 20.195434 8.964511 3.120630
00646 20.199571 8.765815 3.120919
00647 20.203391 8.578971 3.121384
00648 20.207523 8.371602 3.121946
00649 20.211463 8.168270 3.122497
00650 20.214999 7.980599 3.123005
00651 20.218764 7.775027 3.123556
00652 20.222449 7.567526 3.124113
00653 20.225622 7.383423 3.124607
00654 20.229131 7.173376 3.125170
00655 20.232385 6.971928 3.125711
00656 20.235525 6.770842 3.126250
00657 20.238465 6.575906 3.126773
00658 20.241352 6.377516 3.127305
00659 20.244205 6.173960 3.127851
00660 20.247008 5.965801 3.128409
00661 20.249594 5.765532 3.128947
00662 20.252041 5.567959 3.129477
00663 20.254465 5.363226 3.130026
00664 20.256904 5.146970 3.130606
00665 20.258999 4.951606 3.131130
00666 20.261083 4.747064 3.131678
00667 20.263053 4.542710 3.132227
00668 20.264861 4.344233 3.132747
00669 20.266545 4.148116 3.133261
00670 20.268283 3.932208 3.133827
00671 20.269735 3.739033 3.134324
00672 20.271225 3.527805 3.134759
00673 20.272657 3.315130 3.134958
00674 20.273940 3.123721 3.134818
00675 20.275445 2.906857 3.134484
00676 20.276910 2.708443 3.133935
00677 20.278500 2.509795 3.133242
00678 20.280297 2.303477 3.132523
00679 20.282125 2.109190 3.131845
00680 20.284392 1.885606 3.131066
00681 20.286520 1.689800 3.130383
00682 20.288855 1.487850 3.129679
00683 20.291400 1.280552 3.128956
00684 20.294324 1.056092 3.128173
00685 20.297044 0.858491 3.127484
00686 20.299847 0.664850 3.126758
00687 20.302783 0.472597 3.125885
00688 20.306410 0.251248 3.124526
00689 20.309911 0.053520 3.123258
00690 20.313836 -0.153059 3.121934
00691 20.318168 -0.366013 3.120569
00692 20.322578 -0.569490 3.119276
00693 20.328530 -0.826794 3.117655
00694 20.334321 -1.061455 3.116182
00695 20.339741 -1.269575 3.114930
00696 20.345033 -1.463919 3.113806
00697 20.351062 -1.676382 3.112646
00698 20.357124 -1.882137 3.111629
00699 20.362845 -2.070549 3.110853
00700 20.369534 -2.286244 3.110329
00701 20.375736 -2.485143 3.110510
00702 20.381958 -2.689914 3.111918
00703 20.388017 -2.906995 3.115460
00704 20.392882 -3.114163 3.120773
00705 20.396367 -3.316673 3.127996
00706 20.398150 -3.515188 3.137227
00707 20.397671 -3.731168 -3.132792
00708 20.394339 -3.932877 -3.117363
00709 20.387611 -4.131276 -3.098022
00710 20.376599 -4.329626 -3.074241
00711 20.360485 -4.527739 -3.046625
00712 20.338504 -4.725276 -3.014927
00713 20.306702 -4.939919 -2.974075
00714 20.272668 -5.119875 -2.935270
00715 20.228260 -5.310489 -2.890134
00716 20.179606 -5.484010 -2.846315
00717 20.125427 -5.649203 -2.803028
00718 20.058403 -5.826003 -2.755443
00719 19.985557 -5.993867 -2.708872
00720 19.905334 -6.157311 -2.661748
00721 19.814961 -6.321063 -2.612857
00722 19.724672 -6.467912 -2.567795
00723 19.616647 -6.626203 -2.517700
00724 19.509668 -6.767782 -2.471314
00725 19.393804 -6.907045 -2.424000
00726 19.272603 -7.039558 -2.377492
00727 19.143454 -7.168125 -2.330387
00728 19.006700 -7.291947 -2.282831
00729 18.870814 -7.404036 -2.238210
00730 18.723634 -7.514694 -2.192754
00731 18.561894 -7.625063 -2.146454
00732 18.391299 -7.730308 -2.100690
00733 18.225667 -7.822805 -2.059509
00734 18.066640 -7.903680 -2.023035
00735 17.901845 -7.980153 -1.987501
00736 17.720688 -8.056275 -1.949694
00737 17.552184 -8.119978 -1.914776
00738 17.361502 -8.184091 -1.875529
00739 17.178300 -8.238146 -1.839899
00740 16.984558 -8.287990 -1.805310
00741 16.785853 -8.331937 -1.771609
00742 16.576788 -8.370829 -1.737838
00743 16.386141 -8.400065 -1.708086
00744 16.189330 -8.424309 -1.678639
00745 15.987856 -8.443251 -1.650431
00746 15.795401 -8.456173 -1.625246
00747 15.604860 -8.464397 -1.602618
00748 15.399592 -8.468744 -1.581323
00749 15.202365 -8.469156 -1.564451
00750 14.983774 -8.466169 -1.549810
00751 14.786780 -8.461101 -1.540347
00752 14.577727 -8.454000 -1.533333
00753 14.352526 -8.444825 -1.526822
00754 14.143330 -8.435041 -1.521300
00755 13.927710 -8.423908 -1.517114
00756 13.724114 -8.412785 -1.515326
00757 13.508394 -8.400934 -1.516500
00758 13.291748 -8.389568 -1.520269
00759 13.074563 -8.379201 -1.525924
00760 12.866562 -8.370432 -1.531402
00761 12.652315 -8.362552 -1.536666
00762 12.427233 -8.355424 -1.541609
00763 12.206386 -8.349460 -1.545983
00764 12.002924 -8.344779 -1.549603
00765 11.764981 -8.340179 -1.553335
00766 11.561911 -8.336935 -1.556309
00767 11.344382 -8.334104 -1.559256
00768 11.135284 -8.331974 -1.561968
00769 10.899198 -8.330235 -1.564889
00770 10.691034 -8.329264 -1.567372
00771 10.475372 -8.328786 -1.569792
00772 10.257232 -8.328816 -1.572075
00773 10.046148 -8.329306 -1.574157
00774 9.829263 -8.330252 -1.576160
00775 9.612895 -8.331623 -1.578107
00776 9.390989 -8.333450 -1.579948
00777 9.178229 -8.335559 -1.581468
00778 8.944234 -8.338220 -1.582875
00779 8.735066 -8.340856 -1.583913
00780 8.519201 -8.343762 -1.584602
00781 8.305714 -8.346745 -1.584937
00782 8.094912 -8.349741 -1.585079
00783 7.869908 -8.352952 -1.585054
00784 7.653308 -8.355998 -1.584661
00785 7.409974 -8.359245 -1.583619
00786 7.203502 -8.361748 -1.582216
00787 6.997003 -8.363869 -1.579916
00788 6.777643 -8.365467 -1.576246
00789 6.547790 -8.366108 -1.570928
00790 6.314327 -8.365219 -1.563050
00791 6.113370 -8.362811 -1.554575
00792 5.906707 -8.358389 -1.544227
00793 5.680113 -8.350854 -1.530886
00794 5.471204 -8.341021 -1.516644
00795 5.240414 -8.326430 -1.498672
00796 5.037039 -8.309974 -1.481440
00797 4.826469 -8.289024 -1.461822
00798 4.619967 -8.264213 -1.440621
00799 4.399538 -8.232551 -1.415645
00800 4.192025 -8.197359 -1.389960
00801 3.988877 -8.157320 -1.362443
00802 3.793669 -8.113159 -1.334184
00803 3.585844 -8.059507 -1.302124
00804 3.390732 -8.002364 -1.269655
00805 3.192037 -7.936651 -1.233134
00806 3.014226 -7.870566 -1.196785
00807 2.846709 -7.801101 -1.158628
00808 2.663789 -7.716180 -1.113682
00809 2.494451 -7.628275 -1.070269
00810 2.320139 -7.527667 -1.024396
00811 2.143679 -7.414473 -0.976481
00812 1.966874 -7.288350 -0.925866
00813 1.817279 -7.170444 -0.880752
00814 1.683233 -7.054998 -0.838869
00815 1.555348 -6.935253 -0.797652
00816 1.421092 -6.798380 -0.753842
00817 1.307023 -6.672307 -0.717060
00818 1.198288 -6.543113 -0.682178
00819 1.089594 -6.404369 -0.646911
00820 0.973165 -6.243888 -0.608363
00821 0.871462 -6.092276 -0.573373
00822 0.775027 -5.937102 -0.538723
00823 0.685543 -5.781484 -0.504985
00824 0.594471 -5.609415 -0.468599
00825 0.486641 -5.383443 -0.421863
00826 0.404524 -5.190565 -0.383137
00827 0.337621 -5.016228 -0.349716
00828 0.275244 -4.836172 -0.317265
00829 0.208335 -4.619120 -0.280778
00830 0.156140 -4.427305 -0.250576
00831 0.110449 -4.238026 -0.223153
00832 0.065428 -4.025667 -0.194671
00833 0.027717 -3.820842 -0.169476
00834 -0.007112 -3.601189 -0.145036
00835 -0.037417 -3.376042 -0.122553
00836 -0.060915 -3.168943 -0.103403
00837 -0.081942 -2.945634 -0.084366
00838 -0.098937 -2.721623 -0.067086
00839 -0.111888 -2.504286 -0.051948
00840 -0.122182 -2.274522 -0.037595
00841 -0.129107 -2.055473 -0.025610
00842 -0.133649 -1.825997 -0.013975
00843 -0.135642 -1.592778 -0.003111
00844 -0.135295 -1.365276 0.006157
00845 -0.133096 -1.138955 0.013271
00846 -0.129198 -0.891065 0.018182
00847 -0.125001 -0.675584 0.020768
00848 -0.119852 -0.437026 0.022390
00849 -0.114714 -0.213522 0.023578
00850 -0.108845 0.028776 0.024854
00851 -0.102951 0.260830 0.025940
00852 -0.097080 0.483306 0.026823
00853 -0.090959 0.708187 0.027605
00854 -0.085012 0.921395 0.028165
00855 -0.078720 1.143344 0.028519
00856 -0.072340 1.366367 0.028674
00857 -0.065599 1.600746 0.028837
00858 -0.058914 1.831837 0.028998
00859 -0.052017 2.068932 0.029164
00860 -0.045331 2.297521 0.029323
00861 -0.038506 2.529548 0.029485
00862 -0.031277 2.773980 0.029648
00863 -0.025064 2.983049 0.029772
00864 -0.018198 3.213893 0.029698
00865 -0.011353 3.444494 0.029650
00866 -0.004554 3.674014 0.029576
00867 0.002350 3.907694 0.029502
00868 0.008768 4.125486 0.029416
00869 0.016134 4.376271 0.029309
00870 0.022773 4.603117 0.029212
00871 0.029833 4.845150 0.029109
00872 0.036311 5.068002 0.029013
00873 0.043118 5.302944 0.028913
00874 0.049891 5.537428 0.028838
00875 0.056720 5.774485 0.028763
00876 0.063091 5.996187 0.028692
00877 0.069910 6.234120 0.028616
00878 0.076393 6.460887 0.028544
00879 0.083092 6.695803 0.028469
00880 0.089715 6.929017 0.028319
00881 0.096485 7.168652 0.028164
00882 0.103312 7.411703 0.028000
00883 0.109950 7.649390 0.027839
00884 0.116730 7.893584 0.027681
00885 0.122719 8.110436 0.027535
00886 0.129539 8.358841 0.027367
00887 0.135813 8.588649 0.027218
00888 0.142002 8.816601 0.027071
00889 0.148201 9.046155 0.026923
00890 0.154822 9.292667 0.026780
00891 0.161215 9.531005 0.026855
00892 0.167668 9.770348 0.027057
00893 0.173997 10.003355 0.027254
00894 0.180306 10.233947 0.027448
00895 0.186331 10.452678 0.027633
00896 0.192827 10.686861 0.027831
00897 0.198827 10.901704 0.028012
00898 0.204675 11.109757 0.028188
00899 0.210884 11.329248 0.028373
00900 0.217064 11.546276 0.028556
00901 0.223388 11.766981 0.028743
00902 0.229896 11.992583 0.028933
00903 0.235725 12.194447 0.028797
00904 0.241348 12.389744 0.028779
00905 0.246946 12.583440 0.029001
00906 0.252955 12.790868 0.028919
00907 0.258424 12.980083 0.028872
00908 0.264337 13.185026 0.028821
00909 0.270110 13.385444 0.028771
00910 0.275921 13.587524 0.028721
00911 0.282006 13.799528 0.028668
00912 0.287309 13.984610 0.028622
00913 0.293284 14.193546 0.028556
00914 0.298896 14.390247 0.028493
00915 0.304692 14.593962 0.028394
00916 0.310272 14.790768 0.028291
00917 0.315595 14.980002 0.027959
00918 0.320997 15.175211 0.027365
00919 0.326555 15.379796 0.026956
00920 0.331937 15.581571 0.026381
00921 0.336835 15.769284 0.025796
00922 0.341742 15.961699 0.025196
00923 0.346632 16.157829 0.024654
00924 0.351483 16.355898 0.024327
00925 0.356185 16.550155 0.024070
00926 0.361031 16.752575 0.023802
00927 0.365441 16.938791 0.023555
00928 0.370134 17.139115 0.023289
00929 0.374504 17.327719 0.023039
00930 0.378957 17.522068 0.022782
00931 0.383459 17.720806 0.022519
00932 0.388479 17.945147 0.022221
00933 0.392768 18.139253 0.021964
00934 0.396871 18.327131 0.021715
00935 0.401121 18.523972 0.021454
00936 0.405828 18.744830 0.021162
00937 0.409899 18.938382 0.020905
00938 0.413848 19.128545 0.020623
00939 0.417837 19.323769 0.020238
00940 0.421767 19.520207 0.019761
00941 0.426105 19.743656 0.019065
00942 0.429713 19.936494 0.018352
00943 0.433330 20.138445 0.017467
00944 0.436755 20.340105 0.016493
00945 0.439910 20.537362 0.015499
00946 0.442805 20.730590 0.014458
00947 0.445717 20.942077 0.013082
00948 0.448220 21.144676 0.011625
00949 0.450381 21.342781 0.010189
00950 0.452307 21.546698 0.008705
00951 0.453820 21.735557 0.007317
00952 0.455230 21.952086 0.005702
00953 0.456177 22.141820 0.004283
00954 0.456927 22.357709 0.002667
00955 0.457296 22.545240 0.001264
00956 0.457395 22.759635 -0.000341
00957 0.457194 22.950284 -0.001763
00958 0.456710 23.146735 -0.003165
00959 0.455920 23.352079 -0.004530
00960 0.454932 23.544081 -0.005765
00961 0.453547 23.759605 -0.007089
00962 0.451984 23.964088 -0.008200
00963 0.450151 24.176092 -0.009084
00964 0.448373 24.365244 -0.009718
00965 0.446427 24.560088 -0.010257
00966 0.444218 24.770177 -0.010767
00967 0.442154 24.958524 -0.011158
00968 0.439657 25.180120 -0.011377
00969 0.437329 25.384083 -0.011442
00970 0.435049 25.582824 -0.011505
00971 0.432753 25.781811 -0.011569
00972 0.430560 25.970896 -0.011629
00973 0.428169 26.175816 -0.011710
00974 0.425648 26.390286 -0.011795
00975 0.423335 26.585760 -0.011872
00976 0.420945 26.786336 -0.011951
00977 0.418427 26.996299 -0.012034
00978 0.416026 27.195198 -0.012113
00979 0.413290 27.420259 -0.012202
00980 0.410856 27.619313 -0.012251
00981 0.408365 27.823367 -0.012163
00982 0.405977 28.021548 -0.011936
00983 0.403433 28.237522 -0.011617
00984 0.401076 28.443112 -0.011313
00985 0.398906 28.637437 -0.011025
00986 0.396587 28.850809 -0.010710
00987 0.394546 29.043945 -0.010424
00988 0.391904 29.302080 -0.010043
00989 0.389677 29.527530 -0.009709
00990 0.387683 29.736232 -0.009401
00991 0.385384 29.985696 -0.009032
00992 0.383360 30.213918 -0.008700
00993 0.381714 30.406232 -0.008421
00994 0.379971 30.616973 -0.008115
00995 0.378383 30.816293 -0.007826
00996 0.376796 31.022990 -0.007526
00997 0.375121 31.250609 -0.007195
00998 0.373798 31.437992 -0.006923
00999 0.372336 31.654014 -0.006610
01000 0.371138 31.838964 -0.006341
01001 0.369883 32.042065 -0.006017
01002 0.368772 32.233231 -0.005609
01003 0.367653 32.444605 -0.004980
01004 0.366709 32.651821 -0.004127
01005 0.366023 32.845478 -0.002960
01006 0.365603 33.058453 -0.000990
01007 0.365701 33.270465 0.001920
01008 0.366416 33.463326 0.005494
01009 0.368119 33.675273 0.010570
01010 0.370787 33.872031 0.016550
01011 0.374647 34.063813 0.023700
01012 0.380567 34.270908 0.033454
01013 0.388726 34.476807 0.045759
01014 0.399566 34.678764 0.061492
01015 0.412897 34.867087 0.079843
01016 0.431416 35.069430 0.102692
01017 0.455109 35.272726 0.129348
01018 0.482254 35.461075 0.156930
01019 0.516591 35.657426 0.189318
01020 0.556661 35.848227 0.224679
01021 0.601695 36.029554 0.262192
01022 0.655937 36.215739 0.304778
01023 0.714416 36.388513 0.347963
01024 0.776979 36.549996 0.391271
01025 0.849182 36.714070 0.437852
01026 0.928935 36.874445 0.485107
01027 1.013415 37.026187 0.530891
01028 1.107275 37.177784 0.577853
01029 1.208123 37.324775 0.624795
01030 1.304218 37.452288 0.666823
01031 1.419279 37.591531 0.714370
01032 1.535028 37.719055 0.759694
01033 1.659341 37.843997 0.806056
01034 1.785481 37.959693 0.851062
01035 1.915789 38.068868 0.895761
01036 2.051696 38.172733 0.940728
01037 2.192291 38.270488 0.985745
01038 2.355906 38.372998 1.036448
01039 2.499335 38.453754 1.079548
01040 2.655906 38.532987 1.125087
01041 2.807958 38.601723 1.167383
01042 2.994293 38.675958 1.215968
01043 3.154885 38.731895 1.255267
01044 3.323292 38.783321 1.293587
01045 3.493132 38.828344 1.329736
01046 3.663231 38.867128 1.363512
01047 3.857386 38.904363 1.399120
01048 4.030760 38.931794 1.428638
01049 4.210199 38.954935 1.456444
01050 4.406224 38.974797 1.483194
01051 4.594247 38.989312 1.504309
01052 4.785118 39.000452 1.520680
01053 4.978930 39.008897 1.533824
01054 5.180835 39.015283 1.544531
01055 5.388958 39.019836 1.553316
01056 5.578642 39.022453 1.560684
01057 5.798475 39.023813 1.568542
01058 5.980357 39.023682 1.574490
01059 6.190944 39.022259 1.580616
01060 6.382068 39.019926 1.585383
01061 6.577130 39.016712 1.589161
01062 6.769984 39.012873 1.592243
01063 6.964685 39.008412 1.595161
01064 7.185266 39.002672 1.598467
01065 7.382323 38.996927 1.601421
01066 7.578274 38.990640 1.604317
01067 7.781399 38.983568 1.606879
01068 7.967491 38.976677 1.608733
01069 8.162308 38.969130 1.610305
01070 8.349576 38.961604 1.611618
01071 8.513851 38.954812 1.612618
01072 8.670944 38.948178 1.613387
01073 8.849778 38.940506 1.613958
01074 9.028386 38.932735 1.614591
01075 9.204078 38.924989 1.615127
01076 9.385328 38.916910 1.615550
01077 9.562159 38.908957 1.615937
01078 9.758263 38.900063 1.616293
01079 9.946592 38.891459 1.616614
01080 10.149238 38.882147 1.616816
01081 10.342790 38.873222 1.616931
01082 10.545082 38.863874 1.617019
01083 10.717534 38.855894 1.617053
01084 10.901743 38.847364 1.617089
01085 11.079753 38.839121 1.617045
01086 11.254158 38.831064 1.616877
01087 11.445855 38.822278 1.616316
01088 11.614916 38.814646 1.615503
01089 11.793664 38.806757 1.614305
01090 11.981164 38.798741 1.612743
01091 12.167839 38.791054 1.611154
01092 12.378090 38.782744 1.609447
01093 12.573655 38.775333 1.607905
01094 12.795108 38.767287 1.606323
01095 13.007609 38.759886 1.604894
01096 13.211101 38.753074 1.603627
01097 13.410027 38.746661 1.602415
01098 13.635617 38.739680 1.601046
01099 13.835721 38.733705 1.600253
01100 14.053565 38.727360 1.599575
01101 14.253936 38.721652 1.598977
01102 14.460691 38.715887 1.598372
01103 14.676568 38.709990 1.597831
01104 14.887089 38.704337 1.597461
01105 15.095485 38.698810 1.597163
01106 15.296242 38.693490 1.597409
01107 15.513535 38.687663 1.597809
01108 15.717116 38.682124 1.598184
01109 15.927852 38.676315 1.598520
01110 16.132846 38.670617 1.598657
01111 16.326858 38.665202 1.598741
01112 16.536453 38.659346 1.598713
01113 16.732405 38.653898 1.598476
01114 16.938058 38.648227 1.598249
01115 17.132715 38.642906 1.598003
01116 17.336230 38.637396 1.597727
01117 17.545912 38.631786 1.597359
01118 17.738297 38.626735 1.596728
01119 17.937892 38.621679 1.595517
01120 18.149731 38.616614 1.593892
01121 18.336962 38.612451 1.592163
01122 18.537382 38.608385 1.589997
01123 18.735505 38.604794 1.587840
01124 18.943857 38.601479 1.585572
01125 19.134076 38.598865 1.583502
01126 19.318271 38.596709 1.581497
01127 19.529193 38.594696 1.579186
01128 19.724424 38.593267 1.577047
01129 19.945068 38.592154 1.574629
01130 20.135895 38.591625 1.572507
01131 20.328319 38.591502 1.570368
01132 20.525770 38.591803 1.568173
01133 20.743744 38.592640 1.565739
01134 20.944747 38.593882 1.563494
01135 21.149391 38.595611 1.561209
01136 21.339388 38.597634 1.559087
01137 21.538288 38.600184 1.556866
01138 21.739325 38.603210 1.554621
01139 21.944371 38.606761 1.552341
01140 22.168072 38.611167 1.549870
01141 22.363700 38.615466 1.547777
01142 22.552459 38.619989 1.545894
01143 22.753514 38.625171 1.544163
01144 22.956016 38.630706 1.542780
01145 23.164440 38.636651 1.541778
01146 23.370589 38.642691 1.541239
01147 23.567943 38.648521 1.541286
01148 23.779025 38.654682 1.541943
01149 23.974423 38.660233 1.542848
01150 24.189362 38.666128 1.543905
01151 24.396238 38.671587 1.544923
01152 24.593736 38.676603 1.545894
01153 24.799731 38.681629 1.546902
01154 25.015137 38.686664 1.547956
01155 25.214216 38.691114 1.548935
01156 25.428164 38.695679 1.549987
01157 25.630941 38.699799 1.550984
01158 25.835942 38.703757 1.551993
01159 26.035813 38.707418 1.552970
01160 26.227128 38.710739 1.553906
01161 26.431881 38.714096 1.554898
01162 26.642429 38.717337 1.555912
01163 26.851764 38.720350 1.556896
01164 27.047794 38.722985 1.557819
01165 27.269550 38.725748 1.558857
01166 27.462245 38.727962 1.559758
01167 27.676228 38.730218 1.560749
01168 27.871072 38.732088 1.561651
01169 28.076874 38.733872 1.562603
01170 28.291508 38.735524 1.563596
01171 28.488648 38.736853 1.564509
01172 28.702410 38.738092 1.565498
01173 28.897996 38.739039 1.566404
01174 29.112263 38.739874 1.567395
01175 29.313474 38.740465 1.568326
01176 29.506214 38.740854 1.569228
01177 29.710711 38.741073 1.570229
01178 29.914980 38.741082 1.571271
01179 30.126724 38.740867 1.572357
01180 30.326275 38.740445 1.573465
01181 30.530573 38.739763 1.574800
01182 30.732546 38.738794 1.576385
01183 30.934402 38.737475 1.578283
01184 31.160943 38.735480 1.580918
01185 31.348131 38.733320 1.583753
01186 31.547737 38.730302 1.588076
01187 31.776639 38.725499 1.595479
01188 31.976602 38.719701 1.604083
01189 32.162884 38.712557 1.614176
01190 32.396525 38.700613 1.629568
01191 32.619739 38.685400 1.648127
01192 32.836427 38.666178 1.670417
01193 33.015433 38.646334 1.691981
01194 33.224911 38.617764 1.720711
01195 33.404777 38.588051 1.748321
01196 33.582490 38.553435 1.778025
01197 33.781169 38.507927 1.813907
01198 33.959692 38.460393 1.848131
01199 34.130935 38.408461 1.882362
01200 34.328977 38.339994 1.924938
01201 34.485554 38.278866 1.961072
01202 34.654292 38.205269 2.003092
01203 34.801004 38.134100 2.041801
01204 34.967363 38.044562 2.087306
01205 35.115553 37.956279 2.128852
01206 35.259837 37.862030 2.170014
01207 35.401456 37.761005 2.210847
01208 35.545953 37.648516 2.253712
01209 35.672971 37.541012 2.292648
01210 35.812592 37.412513 2.336825
01211 35.932502 37.292524 2.376224
01212 36.054218 37.160432 2.417873
01213 36.169747 37.024116 2.459220
01214 36.269398 36.896686 2.496621
01215 36.376308 36.748203 2.538509
01216 36.484544 36.583414 2.582365
01217 36.584636 36.415906 2.623612
01218 36.680644 36.239334 2.663540
01219 36.754787 36.090562 2.694964
01220 36.834567 35.916425 2.729008
01221 36.902921 35.753651 2.759039
01222 36.968828 35.582528 2.788868
01223 37.025480 35.422072 2.815508
01224 37.082953 35.243922 2.843546
01225 37.131960 35.077072 2.868264
01226 37.180915 34.893481 2.893748
01227 37.224856 34.710729 2.917507
01228 37.264366 34.528085 2.939605
01229 37.301173 34.338148 2.960756
01230 37.332768 34.155579 2.979702
01231 37.361009 33.972128 2.998001
01232 37.386025 33.787631 3.015644
01233 37.407702 33.603930 3.032625
01234 37.427414 33.407989 3.050029
01235 37.447507 33.162502 3.069822
01236 37.461024 32.951622 3.085343
01237 37.470260 32.766998 3.097878
01238 37.477667 32.570730 3.109866
01239 37.482636 32.383232 3.120322
01240 37.485867 32.185179 3.130238
01241 37.487216 31.995715 3.138717
01242 37.487053 31.800907 -3.137045
01243 37.485572 31.605470 -3.130993
01244 37.482999 31.406743 -3.126290
01245 37.479667 31.210884 -3.122879
01246 37.475542 31.004876 -3.120261
01247 37.471283 30.814719 -3.118142
01248 37.465989 30.599805 -3.115788
01249 37.460907 30.410500 -3.113713
01250 37.455075 30.209336 -3.111509
01251 37.448906 30.011479 -3.109341
01252 37.442318 29.813907 -3.107175
01253 37.434912 29.605729 -3.104894
01254 37.427942 29.420992 -3.102869
01255 37.419750 29.215512 -3.100616
01256 37.411467 29.018677 -3.098458
01257 37.402438 28.814628 -3.096291
01258 37.393089 28.612702 -3.094359
01259 37.383963 28.422771 -3.092801
01260 37.374040 28.222259 -3.091489
01261 37.362979 28.003997 -3.090431
01262 37.352989 27.810360 -3.089663
01263 37.342128 27.602584 -3.089072
01264 37.332058 27.411355 -3.088892
01265 37.321053 27.202326 -3.089094
01266 37.310698 27.004571 -3.089462
01267 37.300284 26.803923 -3.090008
01268 37.290116 26.605873 -3.090583
01269 37.279655 26.399767 -3.091182
01270 37.269815 26.203622 -3.091752
01271 37.258346 25.972127 -3.092425
01272 37.248970 25.780495 -3.092982
01273 37.239545 25.585634 -3.093548
01274 37.227503 25.333246 -3.094282
01275 37.217053 25.111015 -3.094927
01276 37.207006 24.894416 -3.095557
01277 37.197528 24.687316 -3.096158
01278 37.188697 24.491872 -3.096726
01279 37.179285 24.280772 -3.097339
01280 37.170388 24.078511 -3.097927
01281 37.161306 23.869205 -3.098535
01282 37.151888 23.648965 -3.099175
01283 37.143373 23.446938 -3.099762
01284 37.134763 23.239755 -3.100364
01285 37.126273 23.032420 -3.100966
01286 37.117877 22.824323 -3.101570
01287 37.109991 22.625966 -3.102147
01288 37.101794 22.416656 -3.102755
01289 37.093850 22.210629 -3.103353
01290 37.086252 22.010500 -3.103934
01291 37.078517 21.803558 -3.104535
01292 37.070383 21.582230 -3.105178
01293 37.063173 21.382719 -3.105758
01294 37.055213 21.158711 -3.106397
01295 37.048101 20.955085 -3.106960
01296 37.041178 20.753733 -3.107487
01297 37.034517 20.557089 -3.107974
01298 37.027729 20.353732 -3.108478
01299 37.020678 20.139160 -3.109010
01300 37.012784 19.894689 -3.109616
01301 37.005247 19.656866 -3.110206
01302 36.998851 19.451379 -3.110743
01303 36.993003 19.260049 -3.111339
01304 36.986676 19.048252 -3.112118
01305 36.980524 18.836807 -3.112894
01306 36.974970 18.640857 -3.113614
01307 36.969049 18.426271 -3.114403
01308 36.963683 18.226234 -3.115138
01309 36.958425 18.024717 -3.115878
01310 36.953495 17.830349 -3.116592
01311 36.948648 17.633655 -3.117315
01312 36.943604 17.422423 -3.118123
01313 36.939089 17.226280 -3.119029
01314 36.934579 17.021669 -3.120083
01315 36.930251 16.815410 -3.121145
01316 36.926227 16.613545 -3.122172
01317 36.922281 16.404696 -3.123235
01318 36.918761 16.208160 -3.124128
01319 36.915057 15.990321 -3.125053
01320 36.911784 15.787245 -3.125906
01321 36.908865 15.596534 -3.126666
01322 36.905735 15.382421 -3.127287
01323 36.903079 15.195068 -3.127550
01324 36.900168 14.986612 -3.127709
01325 36.897458 14.790449 -3.127841
01326 36.894466 14.575363 -3.127529
01327 36.891785 14.387660 -3.127092
01328 36.888884 14.190370 -3.126691
01329 36.885567 13.971057 -3.126245
01330 36.882667 13.784352 -3.125876
01331 36.879289 13.572149 -3.125475
01332 36.876023 13.371932 -3.125095
01333 36.872820 13.179897 -3.124732
01334 36.869266 12.971473 -3.124354
01335 36.865815 12.773382 -3.123994
01336 36.862224 12.571199 -3.123666
01337 36.858495 12.364767 -3.123396
01338 36.854967 12.171941 -3.123204
01339 36.851204 11.967860 -3.123102
01340 36.847802 11.783528 -3.123181
01341 36.843965 11.574434 -3.123302
01342 36.840332 11.373608 -3.123714
01343 36.836956 11.181124 -3.124395
01344 36.833751 10.990294 -3.125205
01345 36.830592 10.791052 -3.126273
01346 36.827904 10.608234 -3.127502
01347 36.825210 10.404886 -3.129189
01348 36.822989 10.212499 -3.130906
01349 36.821053 10.015111 -3.132668
01350 36.819501 9.822693 -3.134385
01351 36.818298 9.633647 -3.136073
01352 36.817372 9.433400 -3.137860
01353 36.816833 9.245578 -3.139590
01354 36.816633 9.052107 -3.141524
01355 36.816830 8.856735 3.139504
01356 36.817414 8.671146 3.137382
01357 36.818541 8.462572 3.134997
01358 36.820025 8.269796 3.132793
01359 36.821924 8.077990 3.130600
01360 36.824250 7.885582 3.128399
01361 36.827433 7.665396 3.125881
01362 36.830842 7.463277 3.123570
01363 36.834284 7.282659 3.121504
01364 36.838380 7.089428 3.119294
01365 36.842990 6.892612 3.117055
01366 36.848240 6.688302 3.114755
01367 36.854172 6.476536 3.112416
01368 36.859982 6.284345 3.110324
01369 36.866613 6.079547 3.108132
01370 36.873570 5.878143 3.105996
01371 36.880561 5.687257 3.103971
01372 36.889226 5.463988 3.101633
01373 36.896906 5.276488 3.099679
01374 36.905839 5.068923 3.097489
01375 36.915045 4.865357 3.095309
01376 36.924259 4.670811 3.093225
01377 36.934389 4.466169 3.091038
01378 36.944974 4.261238 3.088934
01379 36.956232 4.051580 3.086966
01380 36.967117 3.855395 3.085363
01381 36.978443 3.656645 3.083973
01382 36.990671 3.446597 3.082913
01383 37.002929 3.239251 3.082173
01384 37.015721 3.024776 3.081871
01385 37.028346 2.813246 3.082082
01386 37.040004 2.616850 3.082525
01387 37.052961 2.396631 3.083122
01388 37.064171 2.204237 3.083659
01389 37.075863 2.001660 3.084224
01390 37.087957 1.789977 3.084815
01391 37.099398 1.587680 3.085379
01392 37.111457 1.372238 3.085980
01393 37.122022 1.181536 3.086512
01394 37.134280 0.957962 3.087130
01395 37.145167 0.757241 3.087685
01396 37.156211 0.551484 3.088253
01397 37.167188 0.344777 3.088825
01398 37.177841 0.142013 3.089374
01399 37.189203 -0.076626 3.089967
01400 37.199143 -0.269952 3.090487
01401 37.209853 -0.480511 3.091052
01402 37.220925 -0.700689 3.091643
01403 37.230975 -0.902764 3.092158
01404 37.241199 -1.110457 3.092658
01405 37.250897 -1.309419 3.093112
01406 37.260751 -1.513344 3.093504
01407 37.270420 -1.715016 3.093870
01408 37.280068 -1.917770 3.094215
01409 37.290305 -2.134254 3.094469
01410 37.299538 -2.329574 3.094238
01411 37.309131 -2.530403 3.093494
01412 37.319118 -2.734636 3.091969
01413 37.329374 -2.935754 3.089315
01414 37.340718 -3.144347 3.085207
01415 37.352226 -3.339288 3.080047
01416 37.365175 -3.537471 3.072651
01417 37.380583 -3.743402 3.061169
01418 37.398477 -3.945208 3.045137
01419 37.420284 -4.147158 3.022921
01420 37.446125 -4.341719 2.996169
01421 37.475287 -4.523348 2.968618
01422 37.522157 -4.761868 2.926506
01423 37.565314 -4.944093 2.891577
01424 37.616867 -5.131242 2.854013
01425 37.674276 -5.312884 2.816938
01426 37.733055 -5.478180 2.782932
01427 37.803940 -5.657058 2.745674
01428 37.879640 -5.829349 2.709546
01429 37.956274 -5.988465 2.675964
01430 38.039050 -6.146520 2.642338
01431 38.127879 -6.303125 2.608920
01432 38.223996 -6.460083 2.575324
01433 38.327391 -6.616858 2.541791
01434 38.434365 -6.767969 2.509362
01435 38.548711 -6.918827 2.476655
01436 38.663351 -7.060436 2.445448
01437 38.791453 -7.208614 2.412022
01438 38.912884 -7.340313 2.381452
01439 39.036372 -7.466349 2.351354
01440 39.175582 -7.599755 2.318464
01441 39.322142 -7.731147 2.284895
01442 39.457300 -7.844777 2.254861
01443 39.608093 -7.963757 2.222758
01444 39.759840 -8.075923 2.191899
01445 39.907779 -8.178579 2.162941
01446 40.062350 -8.279292 2.133600
01447 40.216579 -8.373551 2.105162
01448 40.381305 -8.467790 2.075737
01449 40.546267 -8.555908 2.047072
01450 40.714860 -8.639843 2.018378
01451 40.882472 -8.717440 1.990370
01452 41.050515 -8.789645 1.962876
01453 41.219974 -8.857045 1.935830
01454 41.389903 -8.919429 1.909442
01455 41.572832 -8.981042 1.881912
01456 41.752203 -9.036158 1.855912
01457 41.949061 -9.090980 1.828890
01458 42.125655 -9.135467 1.806261
01459 42.334992 -9.182957 1.781506
01460 42.551089 -9.226538 1.758090
01461 42.743105 -9.261032 1.738996
01462 42.927462 -9.290743 1.722172
01463 43.109847 -9.317176 1.707268
01464 43.299743 -9.341944 1.693721
01465 43.505797 -9.366122 1.681481
01466 43.687148 -9.385439 1.672347
01467 43.888665 -9.405089 1.663645
01468 44.095101 -9.423548 1.656310
01469 44.277462 -9.438692 1.650991
01470 44.474212 -9.454084 1.646742
01471 44.678943 -9.469336 1.643575
01472 44.872861 -9.483219 1.640958
01473 45.065837 -9.496584 1.638933
01474 45.267977 -9.510230 1.637465
01475 45.474644 -9.523942 1.636629
01476 45.680798 -9.537514 1.636447
01477 45.878828 -9.550558 1.636691
01478 46.088450 -9.564426 1.637031
01479 46.287124 -9.577637 1.637354
01480 46.489284 -9.591146 1.637682
01481 46.693934 -9.604888 1.638014
01482 46.888980 -9.618050 1.638331
01483 47.091958 -9.631812 1.638656
01484 47.285438 -9.644991 1.638965
01485 47.494327 -9.659287 1.639286
01486 47.701091 -9.673502 1.639592
01487 47.886820 -9.686325 1.639867
01488 48.088775 -9.700322 1.640115
01489 48.301259 -9.715094 1.640295
01490 48.501773 -9.729050 1.640277
01491 48.715781 -9.743896 1.639832
01492 48.917229 -9.757716 1.638762
01493 49.110960 -9.770719 1.636866
01494 49.316346 -9.783963 1.633510
01495 49.519993 -9.796246 1.628570
01496 49.714226 -9.806868 1.622284
01497 49.926326 -9.816842 1.613291
01498 50.130806 -9.824397 1.602164
01499 50.350640 -9.829337 1.584362
01500 50.545648 -9.830023 1.564265
01501 50.742141 -9.826332 1.539766
01502 50.926965 -9.818167 1.513529
01503 51.107749 -9.805155 1.484359
01504 51.297385 -9.785511 1.450791
01505 51.500687 -9.757050 1.412624
01506 51.679425 -9.725325 1.377635
01507 51.864097 -9.685599 1.340186
01508 52.044407 -9.639643 1.302294
01509 52.216444 -9.588837 1.264973
01510 52.389229 -9.530597 1.226419
01511 52.557248 -9.466640 1.187729
01512 52.711112 -9.401396 1.151762
01513 52.875948 -9.324072 1.112579
01514 53.028408 -9.245347 1.075713
01515 53.184524 -9.157147 1.037357
01516 53.332870 -9.065779 1.000164
01517 53.485754 -8.963354 0.960880
01518 53.624591 -8.862501 0.924247
01519 53.759270 -8.756933 0.887717
01520 53.905139 -8.633195 0.846883
01521 54.026046 -8.522483 0.811887
01522 54.148076 -8.402443 0.775353
01523 54.269881 -8.273371 0.737530
01524 54.385759 -8.140925 0.700024
01525 54.493177 -8.008629 0.663946
01526 54.599442 -7.867492 0.626791
01527 54.692125 -7.734820 0.592762
01528 54.786641 -7.588857 0.556516
01529 54.877931 -7.435951 0.519955
01530 54.964662 -7.277796 0.483263
01531 55.042756 -7.122495 0.448592
01532 55.117253 -6.960636 0.414113
01533 55.182354 -6.805955 0.382632
01534 55.247223 -6.636963 0.350393
01535 55.305689 -6.469260 0.320507
01536 55.360257 -6.296594 0.291695
01537 55.408895 -6.126429 0.265123
01538 55.451976 -5.959670 0.240496
01539 55.494551 -5.775961 0.214972
01540 55.532495 -5.591511 0.190800
01541 55.564980 -5.412853 0.168921
01542 55.594008 -5.231444 0.148415
01543 55.619255 -5.051005 0.129626
01544 55.640982 -4.872665 0.112832
01545 55.661952 -4.672771 0.096214
01546 55.681555 -4.450979 0.080096
01547 55.697238 -4.237290 0.066424
01548 55.708796 -4.048302 0.055741
01549 55.718789 -3.852120 0.046042
01550 55.727673 -3.637989 0.036892
01551 55.734278 -3.438955 0.029456
01552 55.739163 -3.252359 0.022894
01553 55.743240 -3.046188 0.016642
01554 55.746027 -2.850566 0.011850
01555 55.747918 -2.662514 0.008270
01556 55.749317 -2.454274 0.005162
01557 55.750067 -2.267094 0.002851
01558 55.750449 -2.056304 0.000778
01559 55.750456 -1.858801 -0.000710
01560 55.750202 -1.655471 -0.001788
01561 55.749774 -1.451873 -0.002422
01562 55.749253 -1.247884 -0.002680
01563 55.748718 -1.040621 -0.002485
01564 55.748279 -0.844710 -0.001997
01565 55.747973 -0.658992 -0.001295
01566 55.747803 -0.448521 -0.000326
01567 55.747830 -0.248998 0.000597
01568 55.748044 -0.047550 0.001529
01569 55.748439 0.151187 0.002449
01570 55.749077 0.367276 0.003449
01571 55.749853 0.565940 0.004369
01572 55.750766 0.755812 0.005248
01573 55.751961 0.964246 0.006212
01574 55.753306 1.165708 0.007145
01575 55.754847 1.368140 0.008082
01576 55.756565 1.569121 0.009012
01577 55.758945 1.817413 0.010161
01578 55.761452 2.051698 0.011240
01579 55.763661 2.242260 0.011943
01580 55.766076 2.443076 0.012101
01581 55.768449 2.645846 0.011308
01582 55.770762 2.859903 0.010296
01583 55.772651 3.051806 0.009389
01584 55.774510 3.260893 0.008401
01585 55.776083 3.459184 0.007463
01586 55.777585 3.675132 0.006443
01587 55.778748 3.869297 0.005536
01588 55.779772 4.071575 0.004592
01589 55.780615 4.276392 0.003636
01590 55.781287 4.490750 0.002635
01591 55.781731 4.696221 0.001686
01592 55.781970 4.889297 0.000795
01593 55.782037 5.088692 -0.000126
01594 55.781895 5.310358 -0.001150
01595 55.781594 5.500085 -0.002026
01596 55.781074 5.707547 -0.002984
01597 55.780365 5.913682 -0.003903
01598 55.779497 6.125506 -0.004292
01599 55.778723 6.327943 -0.003355
01600 55.778301 6.535622 -0.000705
01601 55.778647 6.748532 0.003950
01602 55.779953 6.935479 0.010025
01603 55.783065 7.146834 0.019424
01604 55.788309 7.357781 0.030282
01605 55.795793 7.568024 0.040886
01606 55.805566 7.780585 0.051003
01607 55.816986 7.986082 0.060026
01608 55.829952 8.188001 0.068227
01609 55.845027 8.397440 0.075481
01610 55.860874 8.599215 0.081269
01611 55.877768 8.800427 0.086262
01612 55.897333 9.020537 0.091048
01613 55.916209 9.222968 0.094906
01614 55.935340 9.420688 0.098007
01615 55.956809 9.636320 0.100471
01616 55.978197 9.847253 0.101632
01617 56.000001 10.061892 0.100834
01618 56.020142 10.263253 0.098558
01619 56.041419 10.483030 0.094462
01620 56.059589 10.679378 0.090098
01621 56.078693 10.897152 0.084896
01622 56.095608 11.101836 0.080008
01623 56.113715 11.335857 0.074435
01624 56.131352 11.582057 0.068594
01625 56.145589 11.797307 0.063500
01626 56.157337 11.988894 0.058987
01627 56.169024 12.195246 0.054164
01628 56.179822 12.403145 0.049616
01629 56.190316 12.623856 0.045409
01630 56.199095 12.824301 0.042122
01631 56.207382 13.027827 0.039267
01632 56.215237 13.234945 0.036551
01633 56.222582 13.442729 0.034115
01634 56.229455 13.651448 0.031722
01635 56.235659 13.854415 0.029395
01636 56.240961 14.041220 0.027356
01637 56.246609 14.255174 0.025425
01638 56.251642 14.460117 0.023681
01639 56.256422 14.669853 0.021896
01640 56.260652 14.870696 0.020214
01641 56.264797 15.085088 0.018448
01642 56.268260 15.281383 0.016831
01643 56.271403 15.477485 0.015230
01644 56.274209 15.669453 0.013994
01645 56.277004 15.870512 0.013812
01646 56.280001 16.077024 0.015205
01647 56.283108 16.266078 0.017668
01648 56.287041 16.467693 0.021336
01649 56.292277 16.686607 0.026494
01650 56.297741 16.874388 0.031686
01651 56.304300 17.062903 0.037875
01652 56.312772 17.265848 0.045568
01653 56.322675 17.465058 0.053772
01654 56.334973 17.676696 0.062315
01655 56.347549 17.867413 0.069369
01656 56.361781 18.063700 0.075396
01657 56.378137 18.273991 0.079838
01658 56.394004 18.469811 0.081866
01659 56.410745 18.674198 0.081594
01660 56.426925 18.874378 0.079703
01661 56.442866 19.077893 0.076639
01662 56.457631 19.274649 0.073160
01663 56.472017 19.476140 0.069399
01664 56.486705 19.693830 0.065336
01665 56.499211 19.890506 0.061666
01666 56.510894 20.085613 0.057959
01667 56.522136 20.286374 0.053912
01668 56.532396 20.484274 0.049686
01669 56.541638 20.678297 0.045517
01670 56.550675 20.886974 0.041035
01671 56.558763 21.095347 0.036560
01672 56.565789 21.299436 0.032268
01673 56.571838 21.498400 0.028509
01674 56.577480 21.708011 0.025319
01675 56.582394 21.911944 0.022859
01676 56.586566 22.102627 0.020898
01677 56.590868 22.316550 0.019315
01678 56.595225 22.550950 0.017855
01679 56.599274 22.787483 0.016383
01680 56.602469 22.990446 0.015094
01681 56.605497 23.200411 0.013743
01682 56.608169 23.404661 0.012428
01683 56.610594 23.610903 0.011085
01684 56.612704 23.813467 0.009745
01685 56.614659 24.029981 0.008311
01686 56.616127 24.221250 0.007045
01687 56.617465 24.432023 0.005650
01688 56.618469 24.633480 0.004317
01689 56.619214 24.838041 0.002963
01690 56.619696 25.051672 0.001549
01691 56.619871 25.243782 0.000277
01692 56.619724 25.514724 -0.001366
01693 56.619303 25.736313 -0.002431
01694 56.618708 25.941586 -0.003363
01695 56.617877 26.157320 -0.004343
01696 56.616945 26.352005 -0.005237
01697 56.615731 26.564019 -0.006210
01698 56.614397 26.764049 -0.007129
01699 56.612524 27.007587 -0.008254
01700 56.610596 27.227603 -0.009270
01701 56.608537 27.438633 -0.010244
01702 56.606361 27.641725 -0.011182
01703 56.603925 27.850546 -0.012146
01704 56.601256 28.061716 -0.013132
01705 56.598641 28.254213 -0.014031
01706 56.595700 28.456976 -0.014978
01707 56.592677 28.652830 -0.015892
01708 56.588419 28.910931 -0.017097
01709 56.584541 29.131629 -0.018048
01710 56.581041 29.322033 -0.018707
01711 56.577057 29.531082 -0.019402
01712 56.573392 29.716992 -0.020021
01713 56.569225 29.921624 -0.020701
01714 56.564790 30.132268 -0.021402
01715 56.560685 30.321268 -0.022031
01716 56.555160 30.567443 -0.022850
01717 56.549857 30.795688 -0.023609
01718 56.545064 30.995836 -0.024275
01719 56.539864 31.206933 -0.024977
01720 56.535153 31.393208 -0.025597
01721 56.530127 31.587065 -0.026242
01722 56.525058 31.777872 -0.026877
01723 56.517665 32.048336 -0.027777
01724 56.511748 32.258642 -0.028477
01725 56.506149 32.453020 -0.029124
01726 56.500123 32.657490 -0.029804
01727 56.494176 32.854778 -0.030460
01728 56.488219 33.048238 -0.031104
01729 56.481914 33.248721 -0.031771
01730 56.475872 33.436995 -0.032398
01731 56.469204 33.640514 -0.033103
01732 56.462030 33.854245 -0.034000
01733 56.455546 34.041926 -0.035074
01734 56.448217 34.245579 -0.036866
01735 56.440463 34.448074 -0.039679
01736 56.431658 34.657200 -0.044485
01737 56.422233 34.853939 -0.051251
01738 56.411802 35.041986 -0.059577
01739 56.399067 35.238255 -0.070008
01740 56.382048 35.459615 -0.083462
01741 56.362935 35.669806 -0.097905
01742 56.339298 35.891144 -0.114865
01743 56.312188 36.108842 -0.132918
01744 56.284540 36.302825 -0.150239
01745 56.254657 36.488774 -0.168439
01746 56.218999 36.685789 -0.189670
01747 56.180768 36.873752 -0.211650
01748 56.136057 37.069926 -0.236518
01749 56.090041 37.250949 -0.261339
01750 56.039717 37.429551 -0.287952
01751 55.981369 37.616170 -0.318111
01752 55.907207 37.827954 -0.355550
01753 55.822697 38.042086 -0.396249
01754 55.752638 38.202236 -0.428493
01755 55.677377 38.360032 -0.461587
01756 55.586540 38.534220 -0.499795
01757 55.495772 38.693470 -0.536294
01758 55.404854 38.840491 -0.571399
01759 55.307063 38.986667 -0.607814
01760 55.203266 39.130090 -0.645125
01761 55.093456 39.270336 -0.683417
01762 54.989738 39.393154 -0.719162
01763 54.869812 39.524612 -0.759946
01764 54.742371 39.653213 -0.801786
01765 54.615895 39.770856 -0.841351
01766 54.485339 39.883146 -0.879594
01767 54.352310 39.989162 -0.916248
01768 54.222225 40.085546 -0.950009
01769 54.083770 40.181144 -0.982995
01770 53.934023 40.277378 -1.016223
01771 53.774554 40.372571 -1.049036
01772 53.610532 40.463445 -1.080688
01773 53.463434 40.539377 -1.107855
01774 53.305515 40.615531 -1.135069
01775 53.144113 40.688145 -1.160996
01776 52.981984 40.756212 -1.185623
01777 52.816678 40.820975 -1.209175
01778 52.642523 40.884601 -1.231870
01779 52.471416 40.942971 -1.252209
01780 52.299850 40.997789 -1.270855
01781 52.116992 41.052510 -1.289195
01782 51.947866 41.099964 -1.305299
01783 51.768085 41.147281 -1.321580
01784 51.587674 41.191754 -1.336634
01785 51.401120 41.234839 -1.351008
01786 51.212198 41.275691 -1.364675
01787 51.032313 41.312147 -1.377007
01788 50.828035 41.350848 -1.390112
01789 50.633624 41.385146 -1.402243
01790 50.438595 41.417131 -1.414240
01791 50.247312 41.446174 -1.425985
01792 50.066262 41.471562 -1.436975
01793 49.876381 41.496034 -1.448265
01794 49.685775 41.518441 -1.459287
01795 49.475786 41.540720 -1.470905
01796 49.286517 41.558739 -1.480858
01797 49.090758 41.575435 -1.490564
01798 48.894405 41.590336 -1.499548
01799 48.695863 41.603665 -1.507975
01800 48.491374 41.615695 -1.516094
01801 48.287545 41.626067 -1.523811
01802 48.095100 41.634424 -1.530984
01803 47.877244 41.642181 -1.539426
01804 47.691063 41.647305 -1.547139
01805 47.481701 41.651274 -1.556543
01806 47.278464 41.653171 -1.566381
01807 47.070875 41.652998 -1.576881
01808 46.876234 41.650862 -1.586656
01809 46.671403 41.646640 -1.596158
01810 46.475801 41.640911 -1.603996
01811 46.270326 41.633456 -1.610128
01812 46.070945 41.625249 -1.613746
01813 45.859215 41.616044 -1.614735
01814 45.666146 41.607603 -1.614243
01815 45.465402 41.598924 -1.613770
01816 45.274036 41.590735 -1.613351
01817 45.066038 41.581919 -1.612957
01818 44.874456 41.573864 -1.612678
01819 44.680240 41.565740 -1.612526
01820 44.478727 41.557304 -1.612748
01821 44.276399 41.548751 -1.613341
01822 44.070712 41.539878 -1.614476
01823 43.865417 41.530704 -1.616427
01824 43.666205 41.521295 -1.619554
01825 43.438010 41.509515 -1.625199
01826 43.198835 41.495425 -1.634077
01827 43.001559 41.481982 -1.643591
01828 42.804478 41.466454 -1.655250
01829 42.598397 41.447423 -1.670520
01830 42.389885 41.424599 -1.689127
01831 42.192906 41.399051 -1.710425
01832 42.007598 41.370875 -1.732949
01833 41.816760 41.337196 -1.758010
01834 41.629195 41.299159 -1.783740
01835 41.445927 41.257007 -1.809995
01836 41.260744 41.209071 -1.838192
01837 41.072951 41.154499 -1.869016
01838 40.895412 41.096984 -1.899151
01839 40.727238 41.036943 -1.928268
01840 40.541880 40.964381 -1.959587
01841 40.371751 40.891918 -1.987315
01842 40.211566 40.818563 -2.013161
01843 40.039792 40.734132 -2.042111
01844 39.860624 40.639185 -2.074101
01845 39.707305 40.551869 -2.102883
01846 39.545065 40.452833 -2.134813
01847 39.396664 40.355772 -2.165213
01848 39.247096 40.251135 -2.197283
01849 39.099748 40.140713 -2.230537
01850 38.956399 40.025525 -2.264865
01851 38.819993 39.907964 -2.299384
01852 38.681926 39.780076 -2.336499
01853 38.552026 39.650460 -2.373703
01854 38.435292 39.525185 -2.409239
01855 38.291548 39.357607 -2.455973
01856 38.173713 39.207466 -2.496356
01857 38.069733 39.063900 -2.533183
01858 37.974893 38.922724 -2.566921
01859 37.879988 38.770609 -2.600648
01860 37.787766 38.611188 -2.633646
01861 37.687690 38.423488 -2.669882
01862 37.600017 38.244499 -2.702353
01863 37.521752 38.071338 -2.731836
01864 37.449875 37.899410 -2.759388
01865 37.385332 37.732805 -2.784607
01866 37.318920 37.547359 -2.810789
01867 37.262707 37.377543 -2.833055
01868 37.207222 37.196662 -2.854861
01869 37.156746 37.019022 -2.874624
01870 37.109683 36.840430 -2.893226
01871 37.058260 36.628545 -2.913789
01872 37.017570 36.445893 -2.930998
01873 36.978537 36.255329 -2.948122
01874 36.945017 36.077032 -2.963404
01875 36.910471 35.875778 -2.979784
01876 36.882524 35.696653 -2.993860
01877 36.855017 35.502240 -3.008219
01878 36.831008 35.313931 -3.021342
01879 36.808767 35.119245 -3.034339
01880 36.789956 34.934221 -3.046211
01881 36.772054 34.733767 -3.058837
01882 36.756831 34.535617 -3.070995
01883 36.744425 34.344821 -3.082326
01884 36.734277 34.156566 -3.093154
01885 36.725708 33.957434 -3.104025
01886 36.719317 33.760448 -3.114296
01887 36.714785 33.558155 -3.124090
01888 36.712211 33.363960 -3.132585
01889 36.711207 33.167698 -3.140363
01890 36.711669 32.967247 3.135754
01891 36.713373 32.773263 3.129858
01892 36.716179 32.576826 3.124760
01893 36.719772 32.387070 3.120559
01894 36.724398 32.185572 3.116722
01895 36.729701 31.986971 3.113068
01896 36.735719 31.788588 3.109470
01897 36.742491 31.588728 3.105974
01898 36.750656 31.370975 3.102250
01899 36.758455 31.180190 3.099225
01900 36.767003 30.984676 3.096579
01901 36.775500 30.800092 3.094602
01902 36.785290 30.595501 3.092958
01903 36.794799 30.402431 3.091795
01904 36.805357 30.192201 3.091034
01905 36.815500 29.992218 3.090797
01906 36.825157 29.801669 3.091122
01907 36.834698 29.611300 3.091907
01908 36.844944 29.402102 3.093402
01909 36.854509 29.199719 3.095334
01910 36.863005 29.011750 3.097509
01911 36.871402 28.815781 3.100037
01912 36.879655 28.609928 3.103000
01913 36.887202 28.405850 3.106263
01914 36.893864 28.207366 3.109819
01915 36.900031 28.000131 3.113867
01916 36.905040 27.805588 3.117839
01917 36.909321 27.608585 3.121886
01918 36.912946 27.402499 3.126120
01919 36.915677 27.198383 3.130314
01920 36.917475 27.005049 3.134274
01921 36.918550 26.798401 3.138507
01922 36.918754 26.593906 -3.140505
01923 36.918135 26.393661 -3.136497
01924 36.916763 26.195495 -3.132839
01925 36.914639 25.991514 -3.129522
01926 36.911994 25.795057 -3.126738
01927 36.908636 25.586114 -3.124307
01928 36.904818 25.376106 -3.122520
01929 36.900772 25.170200 -3.121376
01930 36.896161 24.944849 -3.120895
01931 36.892066 24.745519 -3.121207
01932 36.888054 24.544328 -3.122094
01933 36.884313 24.346031 -3.123365
01934 36.880810 24.145488 -3.124892
01935 36.877574 23.940387 -3.126738
01936 36.874728 23.734282 -3.128836
01937 36.872344 23.530439 -3.130954
01938 36.870409 23.328745 -3.133050
01939 36.868876 23.123789 -3.135179
01940 36.867760 22.914056 -3.137358
01941 36.867108 22.708021 -3.139499
01942 36.866895 22.492403 3.141470
01943 36.867121 22.291361 3.139465
01944 36.867744 22.087246 3.137623
01945 36.868806 21.868656 3.135839
01946 36.870154 21.663512 3.134207
01947 36.871811 21.460676 3.132647
01948 36.873743 21.260196 3.131262
01949 36.876093 21.046462 3.129932
01950 36.878565 20.844313 3.128801
01951 36.881433 20.628400 3.127820
01952 36.884307 20.425115 3.127086
01953 36.887151 20.232562 3.126568
01954 36.890328 20.023772 3.126184
01955 36.893606 19.812989 3.125899
01956 36.896817 19.610075 3.125643
01957 36.900268 19.395261 3.125419
01958 36.903473 19.198061 3.125258
01959 36.906643 19.004873 3.125111
01960 36.910166 18.792173 3.124956
01961 36.913351 18.601487 3.124827
01962 36.916922 18.389373 3.124690
01963 36.920388 18.185139 3.124558
01964 36.924757 17.929870 3.124393
01965 36.928622 17.706066 3.124263
01966 36.931956 17.514318 3.124153
01967 36.935526 17.310302 3.124034
01968 36.939281 17.097204 3.123911
01969 36.943090 16.882547 3.123787
01970 36.946793 16.675389 3.123653
01971 36.950270 16.482249 3.123528
01972 36.953866 16.283909 3.123400
01973 36.957667 16.076261 3.123184
01974 36.961198 15.886991 3.122700
01975 36.965258 15.675917 3.122014
01976 36.969140 15.482847 3.120965
01977 36.973658 15.274672 3.118824
01978 36.978403 15.077818 3.116156
01979 36.983703 14.880435 3.113348
01980 36.989681 14.679049 3.110482
01981 36.996369 14.473769 3.107561
01982 37.003637 14.269368 3.104540
01983 37.011198 14.073050 3.101663
01984 37.019632 13.869519 3.098691
01985 37.028802 13.663161 3.095678
01986 37.038567 13.457256 3.092730
01987 37.048252 13.264436 3.090079
01988 37.058041 13.078979 3.087641
01989 37.069427 12.872675 3.085273
01990 37.080918 12.672473 3.083244
01991 37.092543 12.476346 3.081531
01992 37.103641 12.293641 3.080320
01993 37.115969 12.093972 3.079538
01994 37.128156 11.898298 3.079247
01995 37.141758 11.680488 3.079201
01996 37.154387 11.478398 3.079158
01997 37.165502 11.300662 3.079120
01998 37.177723 11.105361 3.079079
01999 37.189993 10.909482 3.078983
02000 37.202593 10.708685 3.078867
02001 37.214574 10.518284 3.078641
02002 37.227539 10.313093 3.078336
02003 37.239154 10.130149 3.078039
02004 37.252317 9.923938 3.077660
02005 37.264147 9.739653 3.077316
02006 37.276543 9.547596 3.076957
02007 37.289681 9.345206 3.076580
02008 37.301827 9.159144 3.076233
02009 37.314040 8.973053 3.075885
02010 37.327434 8.770072 3.075512
02011 37.339896 8.582253 3.075166
02012 37.352943 8.386669 3.074806
02013 37.366478 8.184848 3.074451
02014 37.379910 7.985589 3.074111
02015 37.392378 7.801538 3.073798
02016 37.406693 7.591246 3.073457
02017 37.418967 7.411726 3.073199
02018 37.432857 7.209354 3.072925
02019 37.446854 7.006246 3.072650
02020 37.460012 6.816052 3.072393
02021 37.475035 6.599767 3.072100
02022 37.487995 6.413912 3.071848
02023 37.501676 6.218437 3.071583
02024 37.516112 6.012980 3.071305
02025 37.530705 5.806112 3.071030
02026 37.544074 5.617309 3.070779
02027 37.558255 5.417758 3.070514
02028 37.572449 5.218764 3.070250
02029 37.587345 5.010711 3.069987
02030 37.601055 4.819892 3.069745
02031 37.617036 4.598262 3.069476
02032 37.630609 4.410656 3.069263
02033 37.645727 4.202354 3.069027
02034 37.660300 4.002190 3.068800
02035 37.675383 3.795682 3.068566
02036 37.690476 3.589708 3.068332
02037 37.705827 3.380885 3.068095
02038 37.720890 3.176638 3.067853
02039 37.735425 2.980201 3.067620
02040 37.751395 2.765179 3.067300
02041 37.767116 2.554534 3.066896
02042 37.782346 2.351767 3.066344
02043 37.797115 2.156862 3.065580
02044 37.812842 1.951860 3.064473
02045 37.828419 1.752161 3.063021
02046 37.845336 1.540090 3.060967
02047 37.862442 1.331950 3.058215
02048 37.880252 1.123438 3.054556
02049 37.897762 0.927583 3.050300
02050 37.917710 0.715919 3.044948
02051 37.938345 0.509243 3.039213
02052 37.960951 0.295656 3.033075
02053 37.983923 0.090434 3.027169
02054 38.009129 -0.123104 3.021024
02055 38.032882 -0.314736 3.015521
02056 38.060566 -0.528057 3.009547
02057 38.090533 -0.748814 3.003799
02058 38.118110 -0.944421 2.999273
02059 38.146366 -1.139010 2.995503
02060 38.175592 -1.335548 2.992438
02061 38.208031 -1.549599 2.989946
02062 38.238021 -1.745049 2.988732
02063 38.268294 -1.941683 2.988936
02064 38.296857 -2.128341 2.990563
02065 38.328210 -2.337047 2.994402
02066 38.358552 -2.545960 3.000319
02067 38.386021 -2.744058 3.007297
02068 38.414397 -2.961958 3.016901
02069 38.437100 -3.150498 3.026607
02070 38.457721 -3.338729 3.038343
02071 38.476424 -3.532932 3.052823
02072 38.493205 -3.743532 3.071339
02073 38.504812 -3.935217 3.090880
02074 38.512375 -4.129566 3.114518
02075 38.514931 -4.322516 -3.141005
02076 38.510996 -4.537764 -3.105622
02077 38.501452 -4.720464 -3.073182
02078 38.484918 -4.911241 -3.037106
02079 38.463550 -5.085672 -3.002292
02080 38.432309 -5.279143 -2.960706
02081 38.398094 -5.447787 -2.922140
02082 38.355293 -5.622206 -2.879771
02083 38.301926 -5.804322 -2.833307
02084 38.244052 -5.972959 -2.788689
02085 38.179871 -6.135955 -2.744267
02086 38.111631 -6.289282 -2.701440
02087 38.033933 -6.445151 -2.656875
02088 37.945457 -6.604068 -2.610304
02089 37.860058 -6.742690 -2.568596
02090 37.761932 -6.887545 -2.523777
02091 37.642095 -7.047361 -2.472606
02092 37.515987 -7.198844 -2.422104
02093 37.384333 -7.341767 -2.372325
02094 37.264159 -7.460631 -2.329099
02095 37.136924 -7.576016 -2.285689
02096 36.996458 -7.692549 -2.240984
02097 36.862624 -7.794376 -2.201421
02098 36.704271 -7.904851 -2.158463
02099 36.563804 -7.994900 -2.123268
02100 36.406251 -8.088132 -2.086986
02101 36.234550 -8.181473 -2.050482
02102 36.079458 -8.259127 -2.019519
02103 35.893076 -8.344935 -1.984992
02104 35.732126 -8.413030 -1.957082
02105 35.570642 -8.476262 -1.930956
02106 35.403930 -8.536638 -1.905562
02107 35.230241 -8.594661 -1.880839
02108 35.050086 -8.649983 -1.856633
02109 34.859657 -8.703475 -1.832654
02110 34.687406 -8.747770 -1.812337
02111 34.498582 -8.792214 -1.791586
02112 34.308232 -8.833022 -1.772376
02113 34.120028 -8.869784 -1.755023
02114 33.927576 -8.904019 -1.738666
02115 33.741987 -8.934096 -1.724261
02116 33.537738 -8.964193 -1.709934
02117 33.352567 -8.989007 -1.698082
02118 33.158375 -9.012759 -1.686928
02119 32.967428 -9.034071 -1.676961
02120 32.763048 -9.054799 -1.666779
02121 32.562676 -9.073160 -1.657574
02122 32.370205 -9.089111 -1.649389
02123 32.165873 -9.104434 -1.641911
02124 31.965961 -9.118061 -1.635795
02125 31.772409 -9.130195 -1.631025
02126 31.557271 -9.142766 -1.627296
02127 31.368615 -9.153234 -1.625152
02128 31.157046 -9.164637 -1.624131
02129 30.964333 -9.174929 -1.624172
02130 30.765442 -9.185628 -1.624909
02131 30.554681 -9.197122 -1.625645
02132 30.343407 -9.208796 -1.626348
02133 30.135271 -9.220443 -1.627042
02134 29.934125 -9.231836 -1.627712
02135 29.747275 -9.242507 -1.627975
02136 29.537633 -9.254465 -1.627577
02137 29.331788 -9.266058 -1.626541
02138 29.140401 -9.276603 -1.625126
02139 28.949060 -9.286869 -1.623677
02140 28.739026 -9.297819 -1.622087
02141 28.524675 -9.308650 -1.620476
02142 28.336506 -9.317872 -1.619062
02143 28.132876 -9.327552 -1.617532
02144 27.931020 -9.336839 -1.616016
02145 27.722718 -9.346102 -1.614451
02146 27.498123 -9.355722 -1.612751
02147 27.311022 -9.363443 -1.611335
02148 27.104745 -9.371649 -1.609773
02149 26.910478 -9.379081 -1.608303
02150 26.705888 -9.386600 -1.606755
02151 26.506689 -9.393616 -1.605247
02152 26.320354 -9.399906 -1.603837
02153 26.100291 -9.406996 -1.602172
02154 25.894454 -9.413296 -1.600614
02155 25.682545 -9.419447 -1.599011
02156 25.452762 -9.425732 -1.597272
02157 25.238842 -9.431225 -1.595667
02158 25.039042 -9.436045 -1.594167
02159 24.847917 -9.440376 -1.592732
02160 24.637778 -9.444826 -1.591215
02161 24.436436 -9.448800 -1.589847
02162 24.237499 -9.452466 -1.588589
02163 24.000514 -9.456506 -1.587096
02164 23.774884 -9.460025 -1.585689
02165 23.563835 -9.463029 -1.584372
02166 23.368265 -9.465565 -1.583152
02167 23.166470 -9.467932 -1.581893
02168 22.960760 -9.470082 -1.580610
02169 22.767662 -9.471861 -1.579406
02170 22.570940 -9.473431 -1.578147
02171 22.383541 -9.474704 -1.577032
02172 22.170199 -9.475913 -1.575898
02173 21.969415 -9.476832 -1.574846
02174 21.783905 -9.477493 -1.573874
02175 21.590643 -9.477991 -1.572873
02176 21.384304 -9.478309 -1.571804
02177 21.172520 -9.478407 -1.570707
02178 20.978234 -9.478302 -1.569813
02179 20.779386 -9.478024 -1.568982
02180 20.587847 -9.477608 -1.568263
02181 20.379605 -9.477060 -1.568068
02182 20.179851 -9.476570 -1.568620
02183 19.987752 -9.476257 -1.569710
02184 19.779337 -9.476188 -1.571220
02185 19.560290 -9.476450 -1.572768
02186 19.382167 -9.476913 -1.574022
02187 19.203002 -9.477598 -1.575212
02188 19.018381 -9.478540 -1.576589
02189 18.812215 -9.479891 -1.578115
02190 18.620634 -9.481429 -1.579532
02191 18.426151 -9.483265 -1.580942
02192 18.225251 -9.485438 -1.582277
02193 18.023526 -9.487879 -1.583516
02194 17.808032 -9.490737 -1.584602
02195 17.611855 -9.493520 -1.585364
02196 17.416106 -9.496432 -1.585973
02197 17.216009 -9.499528 -1.586569
02198 17.006641 -9.502886 -1.587094
02199 16.834415 -9.505721 -1.587423
02200 16.637395 -9.509034 -1.587790
02201 16.422733 -9.512707 -1.588027
02202 16.227180 -9.516098 -1.588243
02203 16.033850 -9.519492 -1.588457
02204 15.833682 -9.523050 -1.588678
02205 15.635781 -9.526611 -1.588896
02206 15.432610 -9.530311 -1.589121
02207 15.234656 -9.533962 -1.589355
02208 15.037589 -9.537643 -1.589589
02209 14.831374 -9.541546 -1.589849
02210 14.634833 -9.545315 -1.590098
02211 14.435131 -9.549195 -1.590350
02212 14.227664 -9.553283 -1.590641
02213 14.021394 -9.557416 -1.591025
02214 13.822171 -9.561496 -1.591519
02215 13.628137 -9.565571 -1.592067
02216 13.431446 -9.569823 -1.592753
02217 13.230215 -9.574332 -1.593651
02218 13.029210 -9.579031 -1.594691
02219 12.819161 -9.584185 -1.595965
02220 12.617288 -9.589424 -1.597514
02221 12.422557 -9.594784 -1.599118
02222 12.209386 -9.601010 -1.600875
02223 12.019400 -9.606876 -1.602441
02224 11.829815 -9.613024 -1.603994
02225 11.612512 -9.620435 -1.605774
02226 11.426835 -9.627073 -1.607291
02227 11.211992 -9.635099 -1.608985
02228 11.020577 -9.642555 -1.610468
02229 10.821248 -9.650620 -1.612003
02230 10.629659 -9.658660 -1.613473
02231 10.438773 -9.666951 -1.614938
02232 10.226789 -9.676480 -1.616498
02233 10.031371 -9.685555 -1.617904
02234 9.830452 -9.695172 -1.619340
02235 9.628816 -9.705112 -1.620766
02236 9.426991 -9.715348 -1.622177
02237 9.237953 -9.725195 -1.623498
02238 9.031778 -9.736217 -1.624913
02239 8.839568 -9.746737 -1.626031
02240 8.611526 -9.759454 -1.626983
02241 8.426823 -9.769879 -1.627377
02242 8.225995 -9.781268 -1.627507
02243 8.031867 -9.792293 -1.627555
02244 7.829347 -9.803792 -1.627468
02245 7.627416 -9.815195 -1.626953
02246 7.430908 -9.826094 -1.625445
02247 7.212668 -9.837710 -1.622507
02248 7.029311 -9.846857 -1.618774
02249 6.817617 -9.856349 -1.612432
02250 6.626510 -9.863584 -1.604840
02251 6.432949 -9.869215 -1.594917
02252 6.213717 -9.872878 -1.580097
02253 6.026987 -9.873172 -1.564637
02254 5.833003 -9.870193 -1.546242
02255 5.645201 -9.863705 -1.526291
02256 5.456527 -9.853232 -1.504398
02257 5.261594 -9.837809 -1.479282
02258 5.087836 -9.819698 -1.454604
02259 4.898018 -9.794678 -1.424869
02260 4.722820 -9.766238 -1.394877
02261 4.532515 -9.728971 -1.359949
02262 4.361450 -9.689376 -1.326735
02263 4.196737 -9.645407 -1.293141
02264 4.017268 -9.590419 -1.253822
02265 3.856803 -9.534465 -1.216746
02266 3.701994 -9.473910 -1.179121
02267 3.542214 -9.404020 -1.137790
02268 3.382160 -9.325755 -1.094198
02269 3.233710 -9.245076 -1.051757
02270 3.083337 -9.154643 -1.006950
02271 2.947089 -9.064458 -0.965227
02272 2.809740 -8.964897 -0.921910
02273 2.685553 -8.866719 -0.881757
02274 2.555694 -8.755075 -0.839599
02275 2.431158 -8.638714 -0.799052
02276 2.307853 -8.513838 -0.759086
02277 2.178578 -8.371736 -0.717244
02278 2.068359 -8.240613 -0.680752
02279 1.958188 -8.099261 -0.643361
02280 1.841376 -7.936711 -0.602872
02281 1.747021 -7.794666 -0.569801
02282 1.657938 -7.650759 -0.538791
02283 1.565366 -7.490096 -0.506659
02284 1.476158 -7.323267 -0.475421
02285 1.396310 -7.162433 -0.446212
02286 1.319180 -6.994786 -0.416186
02287 1.248116 -6.827349 -0.386579
02288 1.176183 -6.642200 -0.354549
02289 1.114878 -6.469002 -0.325844
02290 1.060940 -6.302113 -0.299362
02291 0.997895 -6.085405 -0.266854
02292 0.945007 -5.880139 -0.237490
02293 0.903624 -5.699601 -0.213157
02294 0.866220 -5.516587 -0.190045
02295 0.832101 -5.327976 -0.167880
02296 0.800603 -5.129019 -0.146141
02297 0.774213 -4.935918 -0.125513
02298 0.752946 -4.753315 -0.106369
02299 0.733398 -4.551439 -0.086689
02300 0.718976 -4.369001 -0.071089
02301 0.708375 -4.206968 -0.059576
02302 0.699132 -4.039209 -0.050507
02303 0.693314 -3.917817 -0.045271
02304 0.688628 -3.809832 -0.041467
02305 0.684963 -3.718656 -0.038888
02306 0.682235 -3.646820 -0.037022
02307 0.680038 -3.586229 -0.035449
02308 0.678250 -3.534843 -0.034115
02309 0.676899 -3.494678 -0.033163
02310 0.675834 -3.462293 -0.032598
02311 0.675066 -3.438651 -0.032330
02312 0.674304 -3.415076 -0.032245
02313 0.673822 -3.400140 -0.032281
02314 0.673419 -3.387664 -0.032327
02315 0.673419 -3.387664 -0.032327
02316 0.673419 -3.387664 -0.032327
02317 0.673419 -3.387664 -0.032327
02318 0.673419 -3.387664 -0.032327
02319 0.673419 -3.387664 -0.032327
02320 0.673419 -3.387664 -0.032327
02321 0.673419 -3.387664 -0.032327
02322 0.673419 -3.387664 -0.032327
02323 0.673419 -3.387664 -0.032327
02324 0.673419 -3.387664 -0.032327
02325 0.673419 -3.387664 -0.032327
02326 0.673419 -3.387664 -0.032327
02327 0.673419 -3.387664 -0.032327
02328 0.673419 -3.387664 -0.032327
02329 0.673419 -3.387664 -0.032327
02330 0.673419 -3.387664 -0.032327
02331 0.673419 -3.387664 -0.032327
02332 0.673419 -3.387664 -0.032327
02333 0.673419 -3.387664 -0.032327
02334 0.673419 -3.387664 -0.032327
02335 0.673419 -3.387664 -0.032327
02336 0.673419 -3.387664 -0.032327
02337 0.673419 -3.387664 -0.032327
02338 0.673419 -3.387664 -0.032327
02339 0.673419 -3.387664 -0.032327
02340 0.673419 -3.387664 -0.032327
02341 0.673419 -3.387664 -0.032327
02342 0.673419 -3.387664 -0.032327
02343 0.673419 -3.387664 -0.032327
02344 0.673419 -3.387664 -0.032327
02345 0.673419 -3.387664 -0.032327
02346 0.673419 -3.387664 -0.032327
02347 0.673419 -3.387664 -0.032327
02348 0.673419 -3.387664 -0.032327
02349 0.673419 -3.387664 -0.032327
02350 0.673419 -3.387664 -0.032327
02351 0.673419 -3.387664 -0.032327
02352 0.673419 -3.387664 -0.032327
02353 0.673419 -3.387664 -0.032327
02354 0.673419 -3.387664 -0.032327
02355 0.673419 -3.387664 -0.032327
02356 0.673419 -3.387664 -0.032327
02357 0.673419 -3.387664 -0.032327
02358 0.673419 -3.387664 -0.032327
