00001 0.000000 0.000000 -0.000000
00002 0.000000 0.000000 -0.000000
00003 0.000000 0.000000 -0.000000
00004 0.000000 0.000000 -0.000000
00005 0.000000 0.000000 -0.000000
00006 0.000000 0.000000 -0.000000
00007 0.000000 0.000000 -0.000000
00008 0.000000 0.000000 -0.000000
00009 0.000000 0.000000 -0.000000
00010 0.000000 0.000000 -0.000000
00011 -0.000003 0.015625 -0.000323
00012 -0.000026 0.047871 -0.001118
00013 -0.000098 0.090194 -0.002290
00014 -0.000267 0.145100 -0.003883
00015 -0.000577 0.209390 -0.005747
00016 -0.001068 0.281872 -0.007803
00017 -0.001746 0.358585 -0.009864
00018 -0.002716 0.447069 -0.012064
00019 -0.003999 0.544581 -0.014263
00020 -0.005557 0.646387 -0.016326
00021 -0.007348 0.750144 -0.018207
00022 -0.009774 0.876361 -0.020230
00023 -0.012269 0.994600 -0.021962
00024 -0.015066 1.117636 -0.023490
00025 -0.018259 1.250181 -0.024687
00026 -0.021360 1.373979 -0.025389
00027 -0.024948 1.514030 -0.025848
00028 -0.028252 1.641339 -0.026048
00029 -0.032076 1.787569 -0.026232
00030 -0.036042 1.938346 -0.026365
00031 -0.040349 2.101928 -0.026283
00032 -0.045153 2.284992 -0.026192
00033 -0.049724 2.459751 -0.026105
00034 -0.054857 2.656691 -0.026007
00035 -0.059851 2.849187 -0.025878
00036 -0.064848 3.043372 -0.025569
00037 -0.070015 3.249108 -0.024649
00038 -0.074606 3.441332 -0.023109
00039 -0.079792 3.676375 -0.021010
00040 -0.083861 3.878658 -0.019224
00041 -0.087420 4.071447 -0.017685
00042 -0.090934 4.278647 -0.016233
00043 -0.093995 4.473740 -0.015149
00044 -0.097030 4.681565 -0.014055
00045 -0.099905 4.894030 -0.013000
00046 -0.102580 5.108646 -0.011933
00047 -0.105122 5.331616 -0.010860
00048 -0.107436 5.554263 -0.009930
00049 -0.109570 5.778177 -0.009131
00050 -0.111969 6.053178 -0.008314
00051 -0.113933 6.300215 -0.007591
00052 -0.115627 6.533796 -0.006909
00053 -0.117099 6.757387 -0.006255
00054 -0.118422 6.980544 -0.005603
00055 -0.119642 7.212275 -0.004926
00056 -0.120742 7.452697 -0.004223
00057 -0.121600 7.672656 -0.003580
00058 -0.122398 7.914910 -0.003010
00059 -0.123025 8.143606 -0.002471
00060 -0.123514 8.363646 -0.001976
00061 -0.123931 8.604574 -0.001480
00062 -0.124224 8.836412 -0.001053
00063 -0.124415 9.056263 -0.000685
00064 -0.124531 9.287803 -0.000316
00065 -0.124565 9.529725 0.000035
00066 -0.124519 9.760507 0.000370
00067 -0.124378 10.014331 0.000738
00068 -0.124179 10.235888 0.001060
00069 -0.123902 10.462060 0.001388
00070 -0.123522 10.704724 0.001741
00071 -0.123088 10.932348 0.002071
00072 -0.122542 11.177724 0.002379
00073 -0.121925 11.422594 0.002666
00074 -0.121280 11.653646 0.002915
00075 -0.120625 11.870293 0.003131
00076 -0.119617 12.180672 0.003366
00077 -0.118767 12.427718 0.003513
00078 -0.117910 12.667482 0.003640
00079 -0.117082 12.892073 0.003729
00080 -0.116247 13.114423 0.003782
00081 -0.115394 13.340665 0.003762
00082 -0.114554 13.564752 0.003732
00083 -0.113656 13.807351 0.003672
00084 -0.112891 14.021668 0.003466
00085 -0.112133 14.247440 0.003249
00086 -0.111430 14.471426 0.003034
00087 -0.110753 14.702943 0.002811
00088 -0.110132 14.933058 0.002590
00089 -0.109542 15.171293 0.002361
00090 -0.109054 15.387449 0.002153
00091 -0.108616 15.601058 0.001948
00092 -0.108124 15.871772 0.001688
00093 -0.107808 16.070117 0.001497
00094 -0.107495 16.295336 0.001281
00095 -0.107234 16.517840 0.001067
00096 -0.107022 16.738713 0.000855
00097 -0.106851 16.968447 0.000634
00098 -0.106732 17.195114 0.000416
00099 -0.106661 17.428476 0.000192
00100 -0.106642 17.654687 -0.000026
00101 -0.106674 17.885285 -0.000247
00102 -0.106757 18.117317 -0.000470
00103 -0.106888 18.344247 -0.000688
00104 -0.107083 18.586343 -0.000921
00105 -0.107307 18.804115 -0.001130
00106 -0.107593 19.033337 -0.001369
00107 -0.107964 19.274411 -0.001708
00108 -0.108400 19.505557 -0.002064
00109 -0.108923 19.737491 -0.002446
00110 -0.109499 19.954885 -0.002851
00111 -0.110138 20.163997 -0.003264
00112 -0.110924 20.389393 -0.003708
00113 -0.111696 20.587201 -0.004099
00114 -0.112518 20.778950 -0.004477
00115 -0.113438 20.975897 -0.004866
00116 -0.114433 21.172480 -0.005254
00117 -0.115448 21.359075 -0.005622
00118 -0.116468 21.535097 -0.005970
00119 -0.117572 21.714688 -0.006329
00120 -0.118752 21.895780 -0.006700
00121 -0.119982 22.074332 -0.007080
00122 -0.121332 22.259375 -0.007513
00123 -0.122701 22.436412 -0.007952
00124 -0.124271 22.628058 -0.008431
00125 -0.125719 22.795552 -0.008859
00126 -0.127365 22.976547 -0.009322
00127 -0.129060 23.154084 -0.009775
00128 -0.130998 23.347455 -0.010269
00129 -0.132982 23.536208 -0.010751
00130 -0.135013 23.721130 -0.011223
00131 -0.137207 23.912387 -0.011712
00132 -0.139529 24.106522 -0.012208
00133 -0.142148 24.316434 -0.012744
00134 -0.144685 24.511691 -0.013243
00135 -0.147367 24.710442 -0.013750
00136 -0.150293 24.919126 -0.014283
00137 -0.153227 25.120898 -0.014799
00138 -0.157324 25.391551 -0.015476
00139 -0.160878 25.617531 -0.015976
00140 -0.164281 25.828216 -0.016318
00141 -0.167851 26.044987 -0.016622
00142 -0.172188 26.303025 -0.016984
00143 -0.176448 26.551326 -0.017333
00144 -0.180478 26.781615 -0.017662
00145 -0.184573 27.011266 -0.017991
00146 -0.188521 27.228809 -0.018302
00147 -0.193003 27.471377 -0.018649
00148 -0.197073 27.687811 -0.018958
00149 -0.202354 27.963502 -0.019352
00150 -0.207172 28.210183 -0.019705
00151 -0.211340 28.420039 -0.020005
00152 -0.215851 28.643727 -0.020325
00153 -0.220067 28.849658 -0.020619
00154 -0.224547 29.065277 -0.020928
00155 -0.229795 29.313894 -0.021283
00156 -0.234953 29.554273 -0.021627
00157 -0.239743 29.774109 -0.021941
00158 -0.244067 29.969930 -0.022221
00159 -0.248832 30.182850 -0.022526
00160 -0.253193 30.375219 -0.022801
00161 -0.257506 30.563244 -0.023070
00162 -0.262407 30.774283 -0.023372
00163 -0.266873 30.964210 -0.023643
00164 -0.271391 31.154232 -0.023910
00165 -0.276562 31.369139 -0.024200
00166 -0.281046 31.553604 -0.024404
00167 -0.285957 31.754268 -0.024534
00168 -0.290457 31.937389 -0.024606
00169 -0.295429 32.139592 -0.024558
00170 -0.300357 32.340971 -0.024375
00171 -0.305088 32.536446 -0.024020
00172 -0.309635 32.727942 -0.023465
00173 -0.314454 32.937572 -0.022500
00174 -0.318504 33.122555 -0.021291
00175 -0.322439 33.316206 -0.019337
00176 -0.326213 33.528917 -0.016149
00177 -0.329003 33.724620 -0.012354
00178 -0.330926 33.917200 -0.007617
00179 -0.331812 34.110392 -0.001560
00180 -0.331314 34.314729 0.006435
00181 -0.329037 34.516519 0.016131
00182 -0.324741 34.713546 0.027467
00183 -0.318439 34.900134 0.040060
00184 -0.308510 35.105492 0.056568
00185 -0.296171 35.294448 0.073848
00186 -0.280342 35.483619 0.093110
00187 -0.258727 35.689395 0.116209
00188 -0.236080 35.866674 0.137914
00189 -0.206940 36.058346 0.163836
00190 -0.174120 36.241422 0.190934
00191 -0.125756 36.468689 0.228419
00192 -0.074168 36.673134 0.265929
00193 -0.024181 36.844975 0.300230
00194 0.034825 37.023322 0.338796
00195 0.102928 37.204535 0.380178
00196 0.174036 37.372431 0.421060
00197 0.248224 37.529542 0.461263
00198 0.332722 37.690647 0.504833
00199 0.427107 37.852469 0.551213
00200 0.529786 38.010871 0.599032
00201 0.639810 38.163878 0.647800
00202 0.756766 38.310781 0.696967
00203 0.903078 38.475653 0.754688
00204 1.042080 38.616027 0.806284
00205 1.171257 38.734395 0.851785
00206 1.313399 38.852998 0.899077
00207 1.468805 38.970544 0.947370
00208 1.623425 39.076552 0.992231
00209 1.788802 39.179385 1.036757
00210 1.947685 39.269175 1.076056
00211 2.133697 39.364623 1.117351
00212 2.317719 39.450103 1.154529
00213 2.496589 39.525648 1.187823
00214 2.689649 39.599723 1.221041
00215 2.888177 39.668622 1.252466
00216 3.080762 39.729122 1.280351
00217 3.278167 39.785340 1.306369
00218 3.489474 39.839697 1.331654
00219 3.686492 39.885478 1.353302
00220 3.893457 39.928916 1.374531
00221 4.109557 39.969579 1.395080
00222 4.327248 40.006081 1.414246
00223 4.549718 40.039186 1.431898
00224 4.765793 40.067669 1.447570
00225 5.008474 40.095717 1.463891
00226 5.215072 40.116606 1.476169
00227 5.440352 40.136696 1.487539
00228 5.667526 40.154579 1.496935
00229 5.884200 40.169906 1.503417
00230 6.112385 40.184693 1.508750
00231 6.345862 40.198656 1.513377
00232 6.558789 40.210524 1.516856
00233 6.790946 40.222667 1.520224
00234 7.000776 40.233009 1.522873
00235 7.227622 40.243582 1.525568
00236 7.455815 40.253627 1.528039
00237 7.668620 40.262515 1.530075
00238 7.866259 40.270382 1.531951
00239 8.062101 40.277815 1.533768
00240 8.253180 40.284726 1.535515
00241 8.481204 40.292533 1.537631
00242 8.721929 40.300251 1.539858
00243 8.902872 40.305701 1.541522
00244 9.112870 40.311661 1.543319
00245 9.311238 40.316945 1.545008
00246 9.556463 40.323040 1.546888
00247 9.766977 40.327922 1.548335
00248 10.006799 40.333138 1.549762
00249 10.207309 40.337246 1.550860
00250 10.426614 40.341487 1.552061
00251 10.621252 40.345031 1.553127
00252 10.833215 40.348661 1.554209
00253 11.008779 40.351514 1.554895
00254 11.209443 40.354632 1.555621
00255 11.429476 40.357886 1.556399
00256 11.619004 40.360551 1.557070
00257 11.847314 40.363593 1.557878
00258 12.075503 40.366450 1.558672
00259 12.329066 40.369413 1.559554
00260 12.561150 40.371928 1.560362
00261 12.806055 40.374379 1.561214
00262 13.065953 40.376747 1.562160
00263 13.296715 40.378626 1.563142
00264 13.532590 40.380278 1.564446
00265 13.762706 40.381532 1.566252
00266 14.003090 40.382274 1.569167
00267 14.226871 40.382187 1.573204
00268 14.462757 40.380871 1.579546
00269 14.703243 40.377694 1.588461
00270 14.916716 40.372869 1.598329
00271 15.133346 40.365592 1.610424
00272 15.348655 40.355481 1.625023
00273 15.575622 40.341151 1.642671
00274 15.792676 40.323465 1.661532
00275 16.005062 40.301896 1.682479
00276 16.210371 40.276442 1.705812
00277 16.471490 40.236304 1.740817
00278 16.973274 40.126256 1.832570
00279 17.188937 40.063195 1.877966
00280 17.359383 40.005454 1.916891
00281 17.528024 39.940647 1.958477
00282 17.694778 39.868275 2.002067
00283 17.853701 39.790881 2.045902
00284 18.018308 39.701210 2.093306
00285 18.161947 39.614314 2.136409
00286 18.306260 39.518077 2.181455
00287 18.439773 39.420286 2.224477
00288 18.569663 39.316248 2.267785
00289 18.708242 39.194460 2.315797
00290 18.825710 39.081413 2.358249
00291 18.950693 38.949842 2.405484
00292 19.061442 38.822078 2.449338
00293 19.169965 38.685101 2.493830
00294 19.279349 38.533411 2.539851
00295 19.381796 38.376881 2.584291
00296 19.477171 38.216244 2.627302
00297 19.563800 38.055326 2.668184
00298 19.653601 37.869934 2.712844
00299 19.730624 37.691842 2.753947
00300 19.799070 37.514392 2.792970
00301 19.882261 37.266510 2.842624
00302 19.944805 37.048497 2.881798
00303 19.997032 36.837712 2.915625
00304 20.046762 36.604172 2.947948
00305 20.092625 36.350039 2.978143
00306 20.124118 36.145249 2.999877
00307 20.155038 35.910023 3.021904
00308 20.180309 35.681344 3.041163
00309 20.200393 35.463835 3.057869
00310 20.218174 35.227598 3.075065
00311 20.232321 34.986436 3.090933
00312 20.242937 34.742800 3.105160
00313 20.250559 34.490797 3.117551
00314 20.255056 34.258400 3.126941
00315 20.257753 34.005947 3.134876
00316 20.258699 33.762509 3.140541
00317 20.258549 33.532849 -3.139234
00318 20.257699 33.275280 -3.137355
00319 20.256648 33.034248 -3.137108
00320 20.255501 32.755832 -3.137836
00321 20.254676 32.513451 -3.138546
00322 20.253964 32.244872 -3.139332
00323 20.253485 31.991429 -3.140074
00324 20.253201 31.747457 -3.140789
00325 20.253091 31.478462 -3.141576
00326 20.253155 31.230206 3.141060
00327 20.253347 30.976904 3.140608
00328 20.253676 30.708069 3.140135
00329 20.254117 30.446565 3.139675
00330 20.254667 30.190077 3.139224
00331 20.255356 29.922541 3.138804
00332 20.256182 29.647862 3.138373
00333 20.257083 29.384614 3.137960
00334 20.258048 29.132852 3.137566
00335 20.259257 28.848331 3.137119
00336 20.260470 28.588980 3.136712
00337 20.261758 28.334069 3.136368
00338 20.263198 28.065670 3.136088
00339 20.264663 27.798743 3.136118
00340 20.266035 27.539417 3.136481
00341 20.267272 27.282569 3.137079
00342 20.268436 27.003302 3.137768
00343 20.269365 26.737743 3.138423
00344 20.270099 26.480234 3.139058
00345 20.270702 26.205940 3.139734
00346 20.271094 25.954098 3.140340
00347 20.271340 25.691175 3.140973
00348 20.271422 25.409212 -3.141556
00349 20.271350 25.162927 -3.141049
00350 20.271141 24.898871 -3.140549
00351 20.270746 24.599831 -3.139998
00352 20.270279 24.344658 -3.139529
00353 20.269692 24.089234 -3.139058
00354 20.268971 23.828887 -3.138586
00355 20.268088 23.555317 -3.138143
00356 20.267163 23.301189 -3.137767
00357 20.266075 23.028012 -3.137454
00358 20.264918 22.758318 -3.137146
00359 20.263741 22.502122 -3.136852
00360 20.262479 22.243897 -3.136557
00361 20.261056 21.969981 -3.136244
00362 20.259230 21.640232 -3.135866
00363 20.257547 21.354387 -3.135539
00364 20.255865 21.083205 -3.135246
00365 20.254204 20.823112 -3.135165
00366 20.252460 20.548490 -3.135323
00367 20.250881 20.290064 -3.135636
00368 20.249335 20.021003 -3.136058
00369 20.247885 19.748492 -3.136486
00370 20.246563 19.478361 -3.136910
00371 20.245412 19.221675 -3.137312
00372 20.244321 18.953471 -3.137733
00373 20.243362 18.690584 -3.138159
00374 20.242515 18.423351 -3.138686
00375 20.241853 18.160885 -3.139455
00376 20.241433 17.915486 -3.140311
00377 20.241219 17.651327 -3.141252
00378 20.241285 17.339347 3.140830
00379 20.241618 17.070535 3.139879
00380 20.242155 16.820987 3.138996
00381 20.242934 16.565487 3.138092
00382 20.243964 16.305553 3.137173
00383 20.245279 16.036838 3.136222
00384 20.246778 15.776210 3.135459
00385 20.248431 15.521643 3.134740
00386 20.250369 15.253637 3.133982
00387 20.252311 15.009537 3.133293
00388 20.254748 14.729337 3.132501
00389 20.257343 14.455328 3.131743
00390 20.259870 14.207250 3.131069
00391 20.262699 13.947200 3.130363
00392 20.265605 13.696081 3.129681
00393 20.269037 13.416866 3.128922
00394 20.272332 13.163799 3.128222
00395 20.276248 12.879285 3.127435
00396 20.280285 12.601683 3.126667
00397 20.284102 12.351906 3.125961
00398 20.288389 12.083906 3.125233
00399 20.292600 11.830067 3.124780
00400 20.297033 11.566840 3.124724
00401 20.301513 11.297641 3.125182
00402 20.305830 11.030620 3.125667
00403 20.310030 10.762853 3.126153
00404 20.314297 10.481904 3.126662
00405 20.318169 10.218312 3.127141
00406 20.321821 9.961546 3.127607
00407 20.325473 9.695813 3.128089
00408 20.329194 9.415003 3.128598
00409 20.332640 9.144615 3.129096
00410 20.335957 8.873822 3.129595
00411 20.339407 8.579618 3.130136
00412 20.342681 8.287055 3.130667
00413 20.345556 8.018857 3.131078
00414 20.348474 7.737495 3.131366
00415 20.351277 7.460455 3.131584
00416 20.354087 7.177587 3.131734
00417 20.357084 6.874655 3.131670
00418 20.359724 6.611723 3.131432
00419 20.362624 6.331711 3.131039
00420 20.365690 6.048259 3.130518
00421 20.368845 5.770280 3.129970
00422 20.372254 5.483739 3.129421
00423 20.375582 5.215773 3.128922
00424 20.379692 4.898817 3.128332
00425 20.383202 4.638366 3.127903
00426 20.387252 4.346325 3.127550
00427 20.391106 4.074963 3.127228
00428 20.394828 3.818497 3.126938
00429 20.399259 3.519499 3.126608
00430 20.403060 3.267470 3.126416
00431 20.406995 3.009450 3.126267
00432 20.411033 2.746934 3.126163
00433 20.414810 2.502306 3.126141
00434 20.418388 2.269169 3.126354
00435 20.422086 2.023627 3.126710
00436 20.425677 1.779081 3.127107
00437 20.429113 1.537642 3.127617
00438 20.432162 1.315689 3.128103
00439 20.435237 1.081816 3.128786
00440 20.438227 0.837274 3.129949
00441 20.440573 0.622933 3.131344
00442 20.442697 0.392818 3.133381
00443 20.444304 0.155077 3.136285
00444 20.445088 -0.076900 3.140136
00445 20.444767 -0.321676 -3.137511
00446 20.443159 -0.543218 -3.131157
00447 20.439649 -0.783784 -3.122846
00448 20.434174 -1.017789 -3.113560
00449 20.426597 -1.246131 -3.103282
00450 20.416363 -1.476152 -3.090981
00451 20.402274 -1.717413 -3.075539
00452 20.384916 -1.949080 -3.058070
00453 20.362252 -2.189021 -3.036763
00454 20.335766 -2.414991 -3.013071
00455 20.297008 -2.680409 -2.980111
00456 20.247789 -2.948815 -2.940352
00457 20.182640 -3.232908 -2.891985
00458 20.114702 -3.476184 -2.846549
00459 20.045650 -3.687058 -2.803728
00460 19.962707 -3.906118 -2.755555
00461 19.870104 -4.118337 -2.704737
00462 19.775033 -4.309602 -2.655848
00463 19.663398 -4.507988 -2.602233
00464 19.545915 -4.693037 -2.549613
00465 19.423116 -4.865963 -2.498603
00466 19.284189 -5.041483 -2.445483
00467 19.117298 -5.230042 -2.388674
00468 18.959867 -5.390341 -2.341768
00469 18.805234 -5.534471 -2.300342
00470 18.620370 -5.692183 -2.253856
00471 18.430873 -5.839223 -2.207540
00472 18.219349 -5.987593 -2.157431
00473 18.022135 -6.112342 -2.112196
00474 17.795516 -6.240943 -2.061717
00475 17.564907 -6.356906 -2.011732
00476 17.347070 -6.453704 -1.966172
00477 17.107580 -6.546928 -1.917846
00478 16.863783 -6.628654 -1.870648
00479 16.618209 -6.698469 -1.824911
00480 16.374240 -6.756366 -1.782689
00481 16.108107 -6.808007 -1.742223
00482 15.836031 -6.850074 -1.706171
00483 15.587969 -6.880178 -1.676953
00484 15.335916 -6.903826 -1.651737
00485 15.087066 -6.921443 -1.631209
00486 14.839755 -6.934249 -1.613849
00487 14.556402 -6.944085 -1.597145
00488 14.285365 -6.949462 -1.584119
00489 14.040545 -6.951540 -1.574451
00490 13.791665 -6.951491 -1.566745
00491 13.526360 -6.949583 -1.560466
00492 13.280012 -6.946486 -1.555985
00493 13.007007 -6.941873 -1.551816
00494 12.751473 -6.936542 -1.548059
00495 12.492121 -6.930166 -1.544370
00496 12.223373 -6.922595 -1.540897
00497 11.939495 -6.913596 -1.537317
00498 11.679685 -6.904487 -1.534184
00499 11.421234 -6.894647 -1.531297
00500 11.167333 -6.884375 -1.529428
00501 10.897706 -6.873151 -1.528955
00502 10.644721 -6.862682 -1.529924
00503 10.379404 -6.852061 -1.531652
00504 10.117863 -6.842058 -1.533479
00505 9.856308 -6.832532 -1.535306
00506 9.596468 -6.823542 -1.537121
00507 9.332417 -6.814891 -1.538965
00508 9.042086 -6.805937 -1.540971
00509 8.750458 -6.797529 -1.542970
00510 8.480978 -6.790269 -1.544755
00511 8.222184 -6.783748 -1.546453
00512 7.963614 -6.777667 -1.548117
00513 7.714020 -6.772188 -1.549579
00514 7.461103 -6.766973 -1.550781
00515 7.208898 -6.762038 -1.551680
00516 6.946993 -6.757102 -1.552224
00517 6.702730 -6.752592 -1.552445
00518 6.438989 -6.747744 -1.552393
00519 6.207062 -6.743462 -1.552277
00520 5.970334 -6.739043 -1.551987
00521 5.728292 -6.734413 -1.551352
00522 5.477390 -6.729362 -1.549978
00523 5.234507 -6.724010 -1.547554
00524 5.008326 -6.718359 -1.544080
00525 4.772847 -6.711328 -1.537814
00526 4.557214 -6.703301 -1.529366
00527 4.331214 -6.692594 -1.517546
00528 4.124715 -6.680141 -1.503574
00529 3.920507 -6.664558 -1.485704
00530 3.724381 -6.645712 -1.464288
00531 3.522609 -6.621527 -1.438721
00532 3.316289 -6.590907 -1.408198
00533 3.142698 -6.559851 -1.379339
00534 2.962461 -6.521836 -1.346513
00535 2.780769 -6.476973 -1.310928
00536 2.608727 -6.427919 -1.275145
00537 2.444547 -6.374674 -1.239235
00538 2.275727 -6.312787 -1.199616
00539 2.109985 -6.244257 -1.157836
00540 1.945100 -6.167621 -1.113599
00541 1.796037 -6.090368 -1.071700
00542 1.637775 -5.999301 -1.025592
00543 1.475519 -5.895407 -0.976940
00544 1.329454 -5.791909 -0.931735
00545 1.189063 -5.682608 -0.886807
00546 1.050176 -5.563940 -0.840677
00547 0.920558 -5.442572 -0.795838
00548 0.781068 -5.298879 -0.745278
00549 0.653161 -5.153366 -0.696908
00550 0.530520 -4.999637 -0.649858
00551 0.403219 -4.823303 -0.600732
00552 0.297802 -4.662576 -0.560256
00553 0.192002 -4.486160 -0.520176
00554 0.098213 -4.315539 -0.485032
00555 0.000456 -4.121555 -0.448566
00556 -0.094893 -3.914112 -0.413109
00557 -0.197839 -3.666229 -0.374148
00558 -0.279560 -3.448062 -0.342657
00559 -0.353167 -3.232051 -0.314178
00560 -0.425311 -2.998754 -0.285639
00561 -0.486991 -2.778334 -0.260059
00562 -0.545221 -2.547701 -0.234564
00563 -0.597309 -2.317281 -0.210075
00564 -0.644324 -2.083454 -0.186767
00565 -0.688544 -1.833657 -0.163652
00566 -0.726617 -1.586699 -0.142270
00567 -0.758711 -1.346595 -0.123491
00568 -0.786762 -1.103474 -0.106257
00569 -0.812717 -0.838663 -0.089141
00570 -0.833147 -0.589466 -0.074463
00571 -0.850568 -0.331417 -0.060352
00572 -0.864529 -0.072118 -0.047228
00573 -0.875469 0.191117 -0.035842
00574 -0.883415 0.445969 -0.026497
00575 -0.889332 0.711895 -0.017991
00576 -0.893157 0.983216 -0.010209
00577 -0.894878 1.249092 -0.002737
00578 -0.894655 1.508946 0.004458
00579 -0.892402 1.783109 0.011972
00580 -0.888536 2.036079 0.018597
00581 -0.882691 2.303657 0.025082
00582 -0.874852 2.582603 0.031105
00583 -0.866327 2.837936 0.035645
00584 -0.855898 3.114514 0.039734
00585 -0.845315 3.370459 0.042916
00586 -0.833184 3.643027 0.046040
00587 -0.818619 3.948528 0.049236
00588 -0.805132 4.214868 0.051953
00589 -0.789582 4.505812 0.054839
00590 -0.777096 4.729058 0.056906
00591 -0.761448 4.998442 0.059138
00592 -0.743862 5.289530 0.061550
00593 -0.726467 5.566598 0.063846
00594 -0.701194 5.951991 0.067122
00595 -0.682088 6.229956 0.070130
00596 -0.659430 6.543739 0.074037
00597 -0.637138 6.837107 0.077645
00598 -0.611893 7.154453 0.081124
00599 -0.586480 7.462060 0.083726
00600 -0.555612 7.825978 0.085513
00601 -0.524710 8.185262 0.086088
00602 -0.496100 8.516081 0.086446
00603 -0.467381 8.847090 0.086644
00604 -0.439814 9.165156 0.086266
00605 -0.409778 9.514107 0.085464
00606 -0.382393 9.835702 0.084434
00607 -0.353957 10.173913 0.083322
00608 -0.325471 10.517338 0.082194
00609 -0.297252 10.862260 0.081069
00610 -0.270766 11.190447 0.079990
00611 -0.244714 11.518068 0.078714
00612 -0.216308 11.882776 0.076745
00613 -0.190251 12.226627 0.074526
00614 -0.164538 12.576367 0.072252
00615 -0.140780 12.909653 0.070076
00616 -0.115520 13.275783 0.067687
00617 -0.092150 13.626442 0.065408
00618 -0.068806 13.989127 0.063146
00619 -0.048862 14.309168 0.061328
00620 -0.028090 14.652904 0.059384
00621 -0.009568 14.969210 0.057596
00622 0.011475 15.340900 0.055513
00623 0.030175 15.683116 0.053668
00624 0.049145 16.041432 0.052114
00625 0.065736 16.362422 0.051173
00626 0.082527 16.693131 0.050282
00627 0.099124 17.025610 0.049474
00628 0.115411 17.356617 0.048857
00629 0.133082 17.720606 0.048160
00630 0.148511 18.042804 0.047543
00631 0.164320 18.377333 0.046902
00632 0.179647 18.706084 0.046272
00633 0.195921 19.060146 0.045594
00634 0.212314 19.422185 0.044900
00635 0.229720 19.812847 0.044152
00636 0.248269 20.236577 0.043341
00637 0.264279 20.608810 0.042628
00638 0.278308 20.940197 0.041993
00639 0.293812 21.312343 0.041280
00640 0.308129 21.661811 0.040611
00641 0.323583 22.045609 0.039876
00642 0.337857 22.406515 0.039185
00643 0.351452 22.756274 0.038515
00644 0.365988 23.137232 0.037763
00645 0.378846 23.480632 0.037085
00646 0.393750 23.886753 0.036283
00647 0.408337 24.293846 0.035350
00648 0.420700 24.647589 0.034521
00649 0.432470 24.992430 0.033713
00650 0.443560 25.325094 0.032934
00651 0.454527 25.662013 0.032145
00652 0.463850 25.955090 0.031458
00653 0.473951 26.279905 0.030714
00654 0.483577 26.596988 0.029988
00655 0.492939 26.912904 0.029264
00656 0.502183 27.232705 0.028531
00657 0.510896 27.541827 0.027823
00658 0.518956 27.834876 0.027174
00659 0.527049 28.136164 0.026533
00660 0.534297 28.412205 0.025967
00661 0.542090 28.714785 0.025534
00662 0.549753 29.017191 0.025133
00663 0.556281 29.278698 0.024787
00664 0.562650 29.537208 0.024474
00665 0.569439 29.816220 0.024183
00666 0.575637 30.073487 0.023987
00667 0.581993 30.339129 0.023858
00668 0.588421 30.608349 0.023888
00669 0.594258 30.851916 0.024032
00670 0.600505 31.110750 0.024228
00671 0.606676 31.364183 0.024466
00672 0.612427 31.597863 0.024740
00673 0.618388 31.837148 0.025075
00674 0.624285 32.070259 0.025504
00675 0.630306 32.303783 0.026054
00676 0.636493 32.538071 0.026751
00677 0.644034 32.813940 0.027904
00678 0.651420 33.071466 0.029437
00679 0.657959 33.287316 0.031138
00680 0.666003 33.534600 0.033900
00681 0.673833 33.754939 0.037140
00682 0.682907 33.985328 0.041588
00683 0.693038 34.214135 0.046913
00684 0.706180 34.473676 0.054271
00685 0.718482 34.686468 0.061225
00686 0.734675 34.931738 0.070625
00687 0.750838 35.146088 0.079902
00688 0.770323 35.373657 0.090924
00689 0.792708 35.603126 0.103564
00690 0.820374 35.850543 0.119152
00691 0.848824 36.073393 0.134804
00692 0.883292 36.310949 0.153373
00693 0.919090 36.528580 0.172685
00694 0.959872 36.748001 0.194842
00695 1.008296 36.977332 0.221350
00696 1.060130 37.192830 0.250748
00697 1.121072 37.414162 0.286623
00698 1.187793 37.625033 0.326253
00699 1.263733 37.834477 0.369421
00700 1.349465 38.041291 0.416528
00701 1.443642 38.240395 0.467113
00702 1.546864 38.432005 0.521147
00703 1.663667 38.622356 0.579599
00704 1.781590 38.792230 0.634024
00705 1.921592 38.971172 0.693792
00706 2.055282 39.123464 0.747100
00707 2.197725 39.269219 0.800711
00708 2.362172 39.419613 0.859298
00709 2.530770 39.556815 0.916121
00710 2.705443 39.683357 0.971574
00711 2.881988 39.797397 1.022969
00712 3.070758 39.906349 1.071698
00713 3.280083 40.014030 1.119662
00714 3.495097 40.112381 1.163920
00715 3.742342 40.212263 1.209807
00716 3.962904 40.290834 1.247360
00717 4.210187 40.368470 1.285804
00718 4.458110 40.436324 1.321498
00719 4.699243 40.493553 1.354048
00720 4.968554 40.548137 1.387607
00721 5.233991 40.593209 1.417583
00722 5.521410 40.633340 1.446557
00723 5.798549 40.664423 1.471652
00724 6.058714 40.687512 1.492913
00725 6.355294 40.707448 1.514440
00726 6.621533 40.720117 1.532055
00727 6.913662 40.729015 1.548640
00728 7.200936 40.733449 1.562084
00729 7.466788 40.734314 1.573004
00730 7.764430 40.732187 1.582876
00731 8.057767 40.727442 1.591067
00732 8.370971 40.719956 1.598317
00733 8.658423 40.711279 1.603632
00734 8.963433 40.700591 1.608013
00735 9.264159 40.688857 1.611578
00736 9.547383 40.676869 1.614616
00737 9.833188 40.663955 1.617291
00738 10.112400 40.650610 1.619817
00739 10.401997 40.636093 1.621949
00740 10.694086 40.620863 1.623835
00741 10.979591 40.605453 1.625597
00742 11.255218 40.590109 1.627225
00743 11.538259 40.573895 1.628814
00744 11.805899 40.558150 1.630296
00745 12.098596 40.540479 1.631901
00746 12.371788 40.523568 1.633335
00747 12.668000 40.504831 1.634598
00748 12.946960 40.486900 1.635377
00749 13.238499 40.467980 1.635824
00750 13.544465 40.447986 1.636278
00751 13.856506 40.427453 1.636732
00752 14.139921 40.408682 1.637129
00753 14.432767 40.389168 1.637539
00754 14.742108 40.368424 1.637972
00755 15.036899 40.348531 1.638378
00756 15.303885 40.330418 1.638691
00757 15.597208 40.310436 1.638939
00758 15.890737 40.290398 1.638972
00759 16.190934 40.269937 1.638727
00760 16.508608 40.248370 1.638438
00761 16.803963 40.228407 1.638130
00762 17.090773 40.209130 1.637686
00763 17.400863 40.188460 1.637025
00764 17.699502 40.168760 1.636306
00765 18.013305 40.148328 1.635327
00766 18.305961 40.129557 1.634367
00767 18.604813 40.110681 1.633386
00768 18.915723 40.091355 1.632366
00769 19.225941 40.072389 1.631348
00770 19.567747 40.051860 1.630226
00771 19.869039 40.034082 1.629238
00772 20.180264 40.016032 1.628217
00773 20.519240 39.996736 1.627105
00774 20.837809 39.978946 1.626060
00775 21.147380 39.961978 1.625044
00776 21.475250 39.944351 1.623969
00777 21.774546 39.928569 1.622987
00778 22.113472 39.911053 1.621876
00779 22.433581 39.894857 1.620826
00780 22.748157 39.879268 1.619794
00781 23.071948 39.863563 1.618732
00782 23.385689 39.848673 1.617704
00783 23.699035 39.834126 1.616676
00784 24.012674 39.819887 1.615648
00785 24.317318 39.806367 1.614649
00786 24.659319 39.791547 1.613557
00787 24.955942 39.778994 1.612625
00788 25.277194 39.765707 1.611640
00789 25.580707 39.753444 1.610717
00790 25.891347 39.741180 1.609791
00791 26.207770 39.728982 1.608864
00792 26.501292 39.717922 1.608051
00793 26.827938 39.705876 1.607267
00794 27.139882 39.694581 1.606709
00795 27.425005 39.684386 1.606364
00796 27.726370 39.673710 1.606050
00797 28.024416 39.663238 1.605788
00798 28.327088 39.652667 1.605630
00799 28.615406 39.642601 1.605755
00800 28.908424 39.632288 1.606204
00801 29.244131 39.620220 1.607249
00802 29.594788 39.607090 1.609198
00803 29.880273 39.595786 1.611546
00804 30.136719 39.584970 1.614351
00805 30.416590 39.572235 1.618183
00806 30.685875 39.558853 1.622717
00807 30.967130 39.543420 1.628510
00808 31.218937 39.528085 1.634727
00809 31.483440 39.510141 1.642343
00810 31.741528 39.490527 1.650949
00811 31.998624 39.468592 1.660870
00812 32.238194 39.445710 1.671170
00813 32.485990 39.419261 1.683086
00814 32.704145 39.393388 1.694604
00815 32.916408 39.365633 1.707035
00816 33.142151 39.332969 1.721951
00817 33.380986 39.294398 1.739873
00818 33.631096 39.248893 1.761663
00819 33.828802 39.208690 1.781147
00820 34.018191 39.166231 1.801541
00821 34.205719 39.119934 1.824126
00822 34.391990 39.069180 1.849500
00823 34.571329 39.015148 1.877366
00824 34.755779 38.953504 1.909293
00825 34.911725 38.896103 1.937686
00826 35.068699 38.833058 1.967712
00827 35.221911 38.766068 1.998270
00828 35.376274 38.692715 2.030537
00829 35.515642 38.621016 2.061349
00830 35.657314 38.542293 2.094616
00831 35.795994 38.458961 2.129128
00832 35.944798 38.361917 2.168256
00833 36.098123 38.252807 2.210308
00834 36.230511 38.150431 2.247785
00835 36.362436 38.040154 2.286314
00836 36.487809 37.926967 2.323995
00837 36.616822 37.801137 2.363413
00838 36.732458 37.679535 2.399268
00839 36.851358 37.544965 2.436607
00840 36.968529 37.401897 2.474158
00841 37.092560 37.237791 2.514625
00842 37.198343 37.086224 2.549882
00843 37.309908 36.913250 2.587628
00844 37.425289 36.718151 2.627417
00845 37.520760 36.542157 2.661688
00846 37.612476 36.358302 2.696039
00847 37.695985 36.175812 2.728824
00848 37.778199 35.979097 2.762621
00849 37.850667 35.788508 2.793865
00850 37.920529 35.585859 2.825344
00851 37.985840 35.375247 2.856450
00852 38.046987 35.153992 2.887464
00853 38.100854 34.933340 2.916835
00854 38.148332 34.711500 2.944677
00855 38.199491 34.431435 2.977152
00856 38.246568 34.116183 3.009561
00857 38.275597 33.877116 3.031962
00858 38.300005 33.632050 3.052680
00859 38.318213 33.405445 3.070149
00860 38.332612 33.178236 3.086452
00861 38.343886 32.939830 3.102232
00862 38.351005 32.722490 3.115459
00863 38.355959 32.461290 3.129802
00864 38.357356 32.238262 3.140856
00865 38.356078 31.978596 -3.131014
00866 38.352711 31.753007 -3.122322
00867 38.347122 31.512949 -3.114308
00868 38.339901 31.277854 -3.107465
00869 38.328757 30.983067 -3.100148
00870 38.317549 30.730749 -3.094258
00871 38.305687 30.494111 -3.088750
00872 38.293511 30.274595 -3.083622
00873 38.279721 30.047401 -3.078313
00874 38.265373 29.829722 -3.073237
00875 38.249979 29.612847 -3.068227
00876 38.234166 29.404297 -3.063595
00877 38.216783 29.188270 -3.059007
00878 38.195590 28.939795 -3.054003
00879 38.176517 28.727572 -3.049916
00880 38.158019 28.530387 -3.046204
00881 38.138924 28.334484 -3.042648
00882 38.119961 28.146575 -3.039385
00883 38.100369 27.958444 -3.036269
00884 38.080515 27.773263 -3.033298
00885 38.059722 27.584639 -3.030311
00886 38.039402 27.405067 -3.027514
00887 38.017002 27.212028 -3.024628
00888 37.996195 27.036795 -3.022182
00889 37.974135 26.854667 -3.019932
00890 37.952584 26.679758 -3.018067
00891 37.931105 26.507735 -3.016683
00892 37.909055 26.332704 -3.015866
00893 37.884891 26.141567 -3.015806
00894 37.862912 25.967322 -3.016431
00895 37.841945 25.799907 -3.017574
00896 37.821390 25.633911 -3.019211
00897 37.799685 25.455889 -3.021326
00898 37.779173 25.284663 -3.023396
00899 37.759737 25.119586 -3.025391
00900 37.740165 24.950419 -3.027435
00901 37.720598 24.778157 -3.029539
00902 37.698340 24.578154 -3.031981
00903 37.676576 24.378121 -3.034455
00904 37.659089 24.213898 -3.036563
00905 37.639572 24.026577 -3.038991
00906 37.622378 23.857780 -3.041170
00907 37.606399 23.697544 -3.043237
00908 37.588766 23.516679 -3.045570
00909 37.572684 23.347798 -3.047739
00910 37.557389 23.183454 -3.049850
00911 37.541894 23.012993 -3.052026
00912 37.526637 22.841001 -3.054206
00913 37.512197 22.674158 -3.056313
00914 37.497803 22.503622 -3.058461
00915 37.483747 22.332731 -3.060591
00916 37.470366 22.165781 -3.062646
00917 37.458306 22.011489 -3.064528
00918 37.445075 21.837789 -3.066610
00919 37.432403 21.666770 -3.068643
00920 37.420519 21.501974 -3.070571
00921 37.408392 21.329045 -3.072589
00922 37.397183 21.164571 -3.074499
00923 37.386135 20.997751 -3.076427
00924 37.374983 20.824201 -3.078420
00925 37.365146 20.666430 -3.080232
00926 37.354713 20.493867 -3.082185
00927 37.345283 20.332878 -3.083974
00928 37.335904 20.167904 -3.085638
00929 37.326664 20.000755 -3.087097
00930 37.317728 19.835044 -3.088339
00931 37.308992 19.669396 -3.089462
00932 37.300327 19.501531 -3.090587
00933 37.292438 19.345390 -3.091634
00934 37.284397 19.182854 -3.092677
00935 37.275931 19.008170 -3.093656
00936 37.268261 18.846908 -3.094477
00937 37.260806 18.687446 -3.095277
00938 37.252807 18.513221 -3.096152
00939 37.245694 18.355412 -3.096944
00940 37.238643 18.196167 -3.097743
00941 37.231689 18.036218 -3.098546
00942 37.223914 17.853778 -3.099461
00943 37.217298 17.695419 -3.100210
00944 37.210894 17.539900 -3.100662
00945 37.204378 17.380600 -3.100765
00946 37.199121 17.251802 -3.100828
00947 37.194561 17.139936 -3.100883
00948 37.188481 16.990522 -3.100956
00949 37.183982 16.879795 -3.101020
00950 37.179055 16.758282 -3.101119
00951 37.173763 16.627358 -3.101256
00952 37.168837 16.504973 -3.101481
00953 37.163056 16.360058 -3.101956
00954 37.157517 16.219010 -3.102734
00955 37.151283 16.055894 -3.104058
00956 37.145221 15.891036 -3.105616
00957 37.138734 15.706069 -3.107450
00958 37.132117 15.505973 -3.109629
00959 37.124606 15.257957 -3.113003
00960 37.118778 15.042368 -3.116132
00961 37.113018 14.799402 -3.119645
00962 37.108461 14.575306 -3.122880
00963 37.104311 14.330660 -3.126378
00964 37.101211 14.102891 -3.129588
00965 37.098661 13.855893 -3.132952
00966 37.096940 13.611397 -3.136157
00967 37.095976 13.362534 -3.139281
00968 37.095789 13.097468 3.140688
00969 37.096498 12.820748 3.137380
00970 37.097874 12.577293 3.134495
00971 37.100075 12.321757 3.131466
00972 37.103236 12.051990 3.128284
00973 37.107194 11.785853 3.125158
00974 37.111989 11.519433 3.122036
00975 37.117001 11.280115 3.119275
00976 37.123209 11.018655 3.116429
00977 37.130077 10.759000 3.113873
00978 37.137685 10.495351 3.111610
00979 37.145403 10.245928 3.109711
00980 37.153631 9.994324 3.108091
00981 37.162753 9.727557 3.106733
00982 37.171485 9.480230 3.105870
00983 37.180850 9.219554 3.105497
00984 37.190024 8.965039 3.105624
00985 37.199301 8.705643 3.106065
00986 37.208869 8.433420 3.106854
00987 37.217909 8.169532 3.107845
00988 37.227374 7.884026 3.109060
00989 37.236517 7.597669 3.110287
00990 37.244873 7.325800 3.111451
00991 37.254507 6.998655 3.112852
00992 37.262645 6.708838 3.114193
00993 37.270504 6.413109 3.115851
00994 37.277603 6.128089 3.117533
00995 37.283824 5.860796 3.119110
00996 37.289695 5.590083 3.120708
00997 37.295012 5.324536 3.122436
00998 37.299891 5.054563 3.124613
00999 37.304511 4.756663 3.127556
01000 37.307915 4.485766 3.130501
01001 37.310569 4.208221 3.133562
01002 37.312289 3.947164 3.136441
01003 37.313315 3.659410 3.139615
01004 37.313453 3.394720 -3.140658
01005 37.312803 3.125082 -3.137705
01006 37.311282 2.843932 -3.134663
01007 37.309087 2.581020 -3.131825
01008 37.306125 2.315833 -3.129018
01009 37.302090 2.028780 -3.126061
01010 37.297603 1.762439 -3.123430
01011 37.292592 1.503669 -3.121030
01012 37.287122 1.251105 -3.118847
01013 37.280981 0.992805 -3.116799
01014 37.274043 0.723480 -3.114875
01015 37.266745 0.458177 -3.113309
01016 37.259266 0.198803 -3.112219
01017 37.251503 -0.062889 -3.111659
01018 37.243642 -0.327427 -3.112109
01019 37.236637 -0.570235 -3.113396
01020 37.229972 -0.817118 -3.115807
01021 37.224256 -1.054675 -3.119268
01022 37.219568 -1.288972 -3.123901
01023 37.215976 -1.543360 -3.131047
01024 37.214511 -1.786589 -3.140091
01025 37.215434 -2.021945 3.132246
01026 37.219302 -2.263350 3.118892
01027 37.226372 -2.496788 3.103739
01028 37.238778 -2.756641 3.084039
01029 37.254121 -2.985004 3.064968
01030 37.274375 -3.216948 3.044012
01031 37.299684 -3.448446 3.021387
01032 37.330200 -3.677609 2.997036
01033 37.367931 -3.914209 2.969871
01034 37.411827 -4.147405 2.941193
01035 37.463110 -4.381145 2.910026
01036 37.522995 -4.617131 2.876121
01037 37.592532 -4.855803 2.840064
01038 37.673438 -5.099019 2.800848
01039 37.772239 -5.358698 2.755220
01040 37.869405 -5.583638 2.712448
01041 37.992293 -5.834984 2.661255
01042 38.119437 -6.064903 2.611651
01043 38.254392 -6.282661 2.561907
01044 38.414222 -6.512496 2.505995
01045 38.576984 -6.721072 2.451904
01046 38.746459 -6.915742 2.398646
01047 38.924072 -7.099176 2.345985
01048 39.106017 -7.268542 2.294824
01049 39.281746 -7.416745 2.248020
01050 39.471808 -7.562271 2.200491
01051 39.683232 -7.708608 2.151978
01052 39.875166 -7.829274 2.112104
01053 40.069025 -7.941025 2.075343
01054 40.288906 -8.057091 2.037615
01055 40.488305 -8.153713 2.006427
01056 40.703286 -8.249749 1.975412
01057 40.912032 -8.335675 1.947158
01058 41.131844 -8.419021 1.919278
01059 41.337605 -8.490970 1.895084
01060 41.566561 -8.564805 1.870417
01061 41.777211 -8.627493 1.849671
01062 42.002100 -8.689424 1.829366
01063 42.216714 -8.744152 1.811595
01064 42.442969 -8.797659 1.794447
01065 42.670250 -8.847467 1.778625
01066 42.903307 -8.894809 1.763782
01067 43.146031 -8.940499 1.749932
01068 43.359856 -8.978008 1.738963
01069 43.625871 -9.021547 1.727096
01070 43.906565 -9.064189 1.716028
01071 44.142605 -9.097700 1.707622
01072 44.388783 -9.130597 1.699659
01073 44.635857 -9.161690 1.692303
01074 44.875370 -9.190098 1.685404
01075 45.122713 -9.217679 1.678286
01076 45.381134 -9.244593 1.670855
01077 45.649254 -9.270466 1.663137
01078 45.898619 -9.292642 1.655846
01079 46.161192 -9.313972 1.647860
01080 46.417652 -9.332698 1.639515
01081 46.667011 -9.348719 1.630393
01082 46.923374 -9.362650 1.619775
01083 47.186569 -9.373821 1.606657
01084 47.452278 -9.381284 1.591094
01085 47.702631 -9.384230 1.574034
01086 47.941121 -9.382818 1.555712
01087 48.200306 -9.375935 1.532785
01088 48.477905 -9.361369 1.503964
01089 48.714953 -9.342139 1.475737
01090 48.970104 -9.313547 1.442664
01091 49.219092 -9.277105 1.408275
01092 49.445544 -9.236075 1.374833
01093 49.706624 -9.178641 1.333683
01094 49.928854 -9.120594 1.296923
01095 50.173020 -9.046360 1.254370
01096 50.398598 -8.967309 1.213095
01097 50.613686 -8.881868 1.172249
01098 50.833988 -8.783468 1.129194
01099 51.063124 -8.668634 1.083252
01100 51.279025 -8.547935 1.038817
01101 51.494109 -8.414661 0.993306
01102 51.707761 -8.268230 0.946606
01103 51.900117 -8.123239 0.903176
01104 52.087064 -7.969115 0.859501
01105 52.264691 -7.809261 0.816519
01106 52.430187 -7.647161 0.775013
01107 52.606973 -7.458176 0.729103
01108 52.767998 -7.269934 0.686161
01109 52.947955 -7.038946 0.637541
01110 53.091149 -6.837564 0.598670
01111 53.233119 -6.620709 0.560645
01112 53.359404 -6.412004 0.527659
01113 53.489954 -6.179142 0.494285
01114 53.609745 -5.948638 0.464263
01115 53.745892 -5.664998 0.430778
01116 53.865985 -5.393209 0.401350
01117 53.967734 -5.144735 0.375983
01118 54.062456 -4.895941 0.351576
01119 54.156690 -4.628533 0.326040
01120 54.253996 -4.326804 0.297891
01121 54.331548 -4.062842 0.273625
01122 54.408586 -3.774021 0.247707
01123 54.481139 -3.470548 0.221630
01124 54.546093 -3.164494 0.196628
01125 54.599356 -2.881124 0.174960
01126 54.651183 -2.567865 0.152956
01127 54.695622 -2.259307 0.133123
01128 54.736586 -1.929843 0.114275
01129 54.769825 -1.619369 0.099031
01130 54.799406 -1.299925 0.085646
01131 54.826940 -0.955317 0.073817
01132 54.849662 -0.626959 0.064359
01133 54.869153 -0.305240 0.056665
01134 54.887427 0.036901 0.050053
01135 54.903811 0.381906 0.044853
01136 54.918984 0.737962 0.040322
01137 54.932204 1.080603 0.036806
01138 54.944094 1.417045 0.033846
01139 54.957014 1.814979 0.031067
01140 54.966848 2.142371 0.028987
01141 54.976581 2.490327 0.026940
01142 54.985336 2.827120 0.025039
01143 54.993256 3.155213 0.023230
01144 55.002182 3.557106 0.021185
01145 55.010423 3.964125 0.019305
01146 55.016963 4.316063 0.017854
01147 55.023223 4.680045 0.016539
01148 55.028209 4.991945 0.015435
01149 55.033316 5.336380 0.014217
01150 55.038051 5.684227 0.013004
01151 55.042258 6.023079 0.011822
01152 55.046126 6.367812 0.010620
01153 55.049333 6.686415 0.009509
01154 55.052396 7.030170 0.008311
01155 55.055030 7.371622 0.007120
01156 55.057319 7.723358 0.005894
01157 55.059042 8.046395 0.004775
01158 55.060469 8.387273 0.003595
01159 55.061484 8.724442 0.002428
01160 55.062111 9.062233 0.001279
01161 55.062354 9.419676 0.000081
01162 55.062205 9.746691 -0.000990
01163 55.061693 10.084798 -0.002043
01164 55.060848 10.418325 -0.003019
01165 55.059693 10.749323 -0.003963
01166 55.057793 11.167516 -0.005120
01167 55.055642 11.549033 -0.006156
01168 55.053456 11.880053 -0.007055
01169 55.051116 12.192972 -0.007897
01170 55.048102 12.553042 -0.008847
01171 55.045173 12.869247 -0.009674
01172 55.041720 13.211080 -0.010529
01173 55.037980 13.552540 -0.011375
01174 55.034476 13.852177 -0.012013
01175 55.030486 14.180383 -0.012302
01176 55.026494 14.510266 -0.011897
01177 55.022972 14.816119 -0.011135
01178 55.019569 15.139493 -0.009913
01179 55.016647 15.455717 -0.008568
01180 55.014014 15.790893 -0.007142
01181 55.011833 16.130660 -0.005696
01182 55.010283 16.438000 -0.004388
01183 55.009087 16.761380 -0.003013
01184 55.008350 17.075874 -0.001675
01185 55.008032 17.394773 -0.000318
01186 55.008151 17.720358 0.001051
01187 55.008658 18.021372 0.002316
01188 55.009551 18.323925 0.003588
01189 55.010925 18.646180 0.004942
01190 55.012730 18.967492 0.006293
01191 55.015089 19.304548 0.007701
01192 55.017587 19.604854 0.008938
01193 55.020567 19.916160 0.010204
01194 55.024122 20.243361 0.011527
01195 55.028093 20.570109 0.012778
01196 55.032298 20.886411 0.013811
01197 55.036997 21.216289 0.014676
01198 55.041921 21.543292 0.015437
01199 55.047355 21.887390 0.016146
01200 55.053293 22.246909 0.016886
01201 55.059565 22.610562 0.017603
01202 55.065447 22.938651 0.018250
01203 55.072183 23.301073 0.018918
01204 55.078577 23.634112 0.019475
01205 55.086036 24.012855 0.019909
01206 55.093033 24.362904 0.020060
01207 55.100351 24.729848 0.019823
01208 55.107766 25.108685 0.019321
01209 55.114796 25.478794 0.018660
01210 55.122182 25.882601 0.017919
01211 55.128471 26.240626 0.017212
01212 55.134826 26.620747 0.016218
01213 55.140935 27.012795 0.014944
01214 55.146441 27.400175 0.013482
01215 55.150795 27.741453 0.012032
01216 55.155108 28.127495 0.010311
01217 55.158302 28.461387 0.008823
01218 55.161056 28.803373 0.007278
01219 55.163285 29.146064 0.005731
01220 55.165064 29.508204 0.004095
01221 55.166164 29.836212 0.002613
01222 55.166795 30.179116 0.001065
01223 55.166885 30.528964 -0.000551
01224 55.166443 30.851212 -0.002191
01225 55.165380 31.184510 -0.004187
01226 55.163629 31.508972 -0.006607
01227 55.161162 31.814587 -0.009534
01228 55.157532 32.127872 -0.013640
01229 55.152577 32.431310 -0.019016
01230 55.145983 32.723938 -0.026042
01231 55.134668 33.078548 -0.037757
01232 55.120063 33.405584 -0.051500
01233 55.103419 33.687957 -0.066249
01234 55.080643 33.987472 -0.085545
01235 55.053705 34.266609 -0.106872
01236 55.022915 34.525491 -0.129881
01237 54.983990 34.794741 -0.157267
01238 54.939595 35.050453 -0.186535
01239 54.889025 35.297824 -0.216769
01240 54.827495 35.556179 -0.250836
01241 54.756748 35.812281 -0.288214
01242 54.679845 36.054374 -0.326945
01243 54.594717 36.289670 -0.367330
01244 54.501455 36.517764 -0.408945
01245 54.394350 36.750557 -0.453471
01246 54.278236 36.975805 -0.498460
01247 54.155680 37.189681 -0.542239
01248 54.033731 37.383103 -0.582823
01249 53.899198 37.578133 -0.624876
01250 53.759597 37.763506 -0.666064
01251 53.601179 37.956156 -0.710334
01252 53.458213 38.116110 -0.748411
01253 53.291966 38.287689 -0.790824
01254 53.103670 38.465592 -0.836724
01255 52.909192 38.633213 -0.882137
01256 52.707536 38.791661 -0.927500
01257 52.489621 38.947167 -0.974485
01258 52.271010 39.088541 -1.019019
01259 52.035692 39.226308 -1.063266
01260 51.793841 39.354155 -1.105769
01261 51.526532 39.480924 -1.150162
01262 51.276018 39.587203 -1.188974
01263 51.007070 39.689264 -1.227229
01264 50.755168 39.774742 -1.260083
01265 50.482340 39.857522 -1.292340
01266 50.186635 39.937016 -1.324016
01267 49.794564 40.028125 -1.360920
01268 49.486330 40.089678 -1.386465
01269 49.200077 40.139918 -1.407655
01270 48.926924 40.182347 -1.425738
01271 48.603111 40.226572 -1.444386
01272 48.318888 40.260642 -1.458602
01273 48.037308 40.290627 -1.470810
01274 47.724978 40.319944 -1.483605
01275 47.435014 40.343554 -1.495493
01276 47.125911 40.364880 -1.508332
01277 46.839108 40.381060 -1.520550
01278 46.543953 40.393932 -1.533880
01279 46.246328 40.402721 -1.548668
01280 45.944509 40.406867 -1.565451
01281 45.639724 40.405567 -1.584669
01282 45.320272 40.397439 -1.607802
01283 45.024718 40.383009 -1.631364
01284 44.745344 40.362722 -1.655204
01285 44.433610 40.331847 -1.683828
01286 44.136382 40.293646 -1.713412
01287 43.859356 40.249700 -1.742832
01288 43.597900 40.200295 -1.772276
01289 43.283625 40.129991 -1.809473
01290 43.022816 40.062143 -1.841127
01291 42.745629 39.980016 -1.876561
01292 42.483170 39.891969 -1.912379
01293 42.215870 39.791004 -1.951521
01294 41.948493 39.677438 -1.993371
01295 41.686796 39.552964 -2.036170
01296 41.445268 39.425476 -2.076758
01297 41.216939 39.293046 -2.116002
01298 40.972542 39.137511 -2.159103
01299 40.747668 38.980719 -2.200238
01300 40.513012 38.801724 -2.244635
01301 40.305323 38.628844 -2.285332
01302 40.111115 38.453557 -2.324732
01303 39.908097 38.254581 -2.367544
01304 39.729757 38.064857 -2.406687
01305 39.546564 37.853563 -2.447933
01306 39.380672 37.646101 -2.486227
01307 39.198902 37.398749 -2.529473
01308 39.048428 37.175682 -2.566803
01309 38.896125 36.930132 -2.606028
01310 38.754431 36.680784 -2.643649
01311 38.622229 36.426602 -2.680328
01312 38.497567 36.163865 -2.716821
01313 38.378482 35.887108 -2.753683
01314 38.267524 35.600798 -2.790053
01315 38.172671 35.328430 -2.822901
01316 38.085585 35.049849 -2.854321
01317 37.986835 34.691348 -2.891290
01318 37.911699 34.378170 -2.920965
01319 37.853343 34.102585 -2.944877
01320 37.799526 33.815915 -2.967165
01321 37.752454 33.532319 -2.987056
01322 37.706678 33.218575 -3.006371
01323 37.669990 32.932382 -3.021817
01324 37.637305 32.644542 -3.035231
01325 37.607268 32.346290 -3.047214
01326 37.576408 31.998827 -3.058805
01327 37.552320 31.692359 -3.067503
01328 37.531468 31.397017 -3.074711
01329 37.513166 31.110998 -3.080675
01330 37.497439 30.842414 -3.085531
01331 37.481240 30.540572 -3.090420
01332 37.468478 30.281846 -3.094193
01333 37.456444 30.018493 -3.097667
01334 37.443875 29.720187 -3.101298
01335 37.433118 29.441882 -3.104627
01336 37.424169 29.189649 -3.107625
01337 37.415752 28.930181 -3.110708
01338 37.407873 28.661308 -3.113881
01339 37.401245 28.408759 -3.116828
01340 37.395256 28.151693 -3.119775
01341 37.389860 27.886221 -3.122762
01342 37.385261 27.621613 -3.125662
01343 37.381442 27.359537 -3.128386
01344 37.378439 27.109527 -3.130774
01345 37.375906 26.848280 -3.133023
01346 37.373801 26.569330 -3.135073
01347 37.372211 26.291009 -3.136681
01348 37.371084 26.034659 -3.137716
01349 37.370070 25.747608 -3.138405
01350 37.369277 25.470496 -3.139054
01351 37.368684 25.210498 -3.139574
01352 37.368236 24.971598 -3.139863
01353 37.367823 24.729047 -3.139914
01354 37.367338 24.466259 -3.139585
01355 37.366820 24.236125 -3.139093
01356 37.366123 23.988957 -3.138457
01357 37.365273 23.743050 -3.137813
01358 37.364368 23.520729 -3.137230
01359 37.363242 23.280138 -3.136599
01360 37.362059 23.056247 -3.136012
01361 37.360699 22.825101 -3.135406
01362 37.359210 22.595587 -3.134804
01363 37.357668 22.377570 -3.134244
01364 37.356025 22.162092 -3.133690
01365 37.354352 21.957116 -3.133169
01366 37.352432 21.736171 -3.132637
01367 37.350714 21.548897 -3.132201
01368 37.348776 21.347245 -3.131770
01369 37.346760 21.145972 -3.131383
01370 37.344169 20.893521 -3.131274
01371 37.342144 20.692963 -3.131713
01372 37.340297 20.497118 -3.132612
01373 37.338727 20.309310 -3.133860
01374 37.337309 20.105363 -3.135412
01375 37.336150 19.886904 -3.137166
01376 37.335428 19.686859 -3.138804
01377 37.335026 19.472046 -3.140631
01378 37.335053 19.231487 3.140401
01379 37.335527 19.014983 3.138407
01380 37.336426 18.799749 3.136425
01381 37.337913 18.562305 3.134238
01382 37.339931 18.323583 3.132039
01383 37.342557 18.077818 3.129776
01384 37.345947 17.817436 3.127378
01385 37.350157 17.545270 3.124871
01386 37.354946 17.278414 3.122426
01387 37.360094 17.024646 3.120188
01388 37.366210 16.752047 3.118134
01389 37.374989 16.395150 3.115867
01390 37.382946 16.096327 3.114077
01391 37.391975 15.778302 3.112340
01392 37.400419 15.497167 3.110790
01393 37.410599 15.176500 3.108928
01394 37.421711 14.846922 3.106850
01395 37.434356 14.495524 3.104396
01396 37.447220 14.161595 3.101783
01397 37.462194 13.799378 3.098766
01398 37.478977 13.423542 3.095172
01399 37.496244 13.066086 3.091475
01400 37.516842 12.673551 3.086859
01401 37.537850 12.306948 3.081839
01402 37.565718 11.866983 3.074833
01403 37.592547 11.483667 3.068596
01404 37.626580 11.040279 3.061378
01405 37.661407 10.624656 3.054608
01406 37.702626 10.171342 3.047219
01407 37.748195 9.708437 3.039719
01408 37.795945 9.257011 3.032695
01409 37.849913 8.777927 3.026140
01410 37.902551 8.333724 3.021145
01411 37.961050 7.858896 3.016875
01412 38.015598 7.428910 3.013940
01413 38.074072 6.977516 3.011597
01414 38.131836 6.538306 3.010052
01415 38.185325 6.134856 3.009513
01416 38.240725 5.717565 3.009695
01417 38.294964 5.307247 3.010637
01418 38.350183 4.885142 3.012391
01419 38.402580 4.479178 3.014076
01420 38.454144 4.074725 3.015495
01421 38.501185 3.702227 3.016450
01422 38.548758 3.322700 3.017341
01423 38.595058 2.950962 3.018020
01424 38.639895 2.588982 3.018692
01425 38.684726 2.224959 3.019415
01426 38.729682 1.857439 3.020338
01427 38.769254 1.530556 3.021904
01428 38.811791 1.172963 3.024485
01429 38.850078 0.843089 3.027606
01430 38.886891 0.516072 3.031373
01431 38.921962 0.193230 3.035399
01432 38.954836 -0.121557 3.039678
01433 38.986942 -0.443340 3.044615
01434 39.014194 -0.730894 3.049592
01435 39.040278 -1.022824 3.055368
01436 39.065904 -1.332449 3.062663
01437 39.086173 -1.601434 3.070096
01438 39.104316 -1.871639 3.079002
01439 39.119422 -2.134708 3.089462
01440 39.131698 -2.402719 3.102178
01441 39.140058 -2.665566 3.117416
01442 39.143941 -2.909111 3.133886
01443 39.143279 -3.176792 -3.128937
01444 39.138269 -3.403812 -3.110119
01445 39.128406 -3.638997 -3.089237
01446 39.114750 -3.856046 -3.068284
01447 39.095447 -4.081612 -3.044162
01448 39.069310 -4.314578 -3.015574
01449 39.038868 -4.528349 -2.984707
01450 38.999281 -4.751958 -2.948030
01451 38.953906 -4.962597 -2.910815
01452 38.904233 -5.157885 -2.874211
01453 38.843155 -5.364196 -2.833325
01454 38.772876 -5.569682 -2.790774
01455 38.689625 -5.782055 -2.745225
01456 38.598212 -5.987297 -2.699931
01457 38.500226 -6.183209 -2.655715
01458 38.400383 -6.363122 -2.614190
01459 38.283658 -6.553537 -2.569144
01460 38.135186 -6.771088 -2.481409
01461 37.991438 -6.947784 -2.435897
01462 37.831669 -7.126463 -2.388125
01463 37.672914 -7.288270 -2.343302
01464 37.491970 -7.456235 -2.294723
01465 37.285097 -7.629648 -2.242147
01466 37.093875 -7.774527 -2.196197
01467 36.887701 -7.916156 -2.149213
01468 36.643447 -8.066595 -2.096454
01469 36.415684 -8.191699 -2.049709
01470 36.167589 -8.313090 -2.001972
01471 35.921285 -8.419878 -1.957820
01472 35.648756 -8.523882 -1.912904
01473 35.383249 -8.612520 -1.873115
01474 35.098129 -8.695496 -1.834876
01475 34.826962 -8.764047 -1.801938
01476 34.494518 -8.835931 -1.765553
01477 34.206243 -8.888515 -1.736892
01478 33.897874 -8.935899 -1.709635
01479 33.533465 -8.981868 -1.682923
01480 33.222070 -9.013885 -1.663589
01481 32.894375 -9.041699 -1.647349
01482 32.557738 -9.065333 -1.634427
01483 32.224121 -9.085052 -1.625243
01484 31.868418 -9.103375 -1.619284
01485 31.446519 -9.123001 -1.615279
01486 30.929838 -9.144836 -1.610784
01487 30.521145 -9.160581 -1.607822
01488 30.119901 -9.174873 -1.604978
01489 29.735723 -9.187521 -1.602437
01490 29.358912 -9.199008 -1.600105
01491 28.978725 -9.209712 -1.597781
01492 28.563917 -9.220384 -1.595256
01493 28.187575 -9.229182 -1.593086
01494 27.807304 -9.237340 -1.591406
01495 27.387037 -9.245700 -1.589965
01496 27.014815 -9.252600 -1.588699
01497 26.655733 -9.258813 -1.587495
01498 26.271810 -9.264974 -1.586189
01499 25.858088 -9.271052 -1.584781
01500 25.495814 -9.275895 -1.583549
01501 25.131525 -9.280318 -1.582328
01502 24.749533 -9.284479 -1.581048
01503 24.269235 -9.289017 -1.579438
01504 23.915183 -9.291866 -1.578252
01505 23.536379 -9.294450 -1.576983
01506 23.188910 -9.296397 -1.575818
01507 22.806613 -9.298072 -1.574537
01508 22.439951 -9.299221 -1.573318
01509 22.115189 -9.299867 -1.572258
01510 21.769434 -9.300177 -1.571129
01511 21.419594 -9.300094 -1.569986
01512 21.075665 -9.299622 -1.568863
01513 20.741212 -9.298793 -1.567771
01514 20.399642 -9.297569 -1.566656
01515 20.069450 -9.296027 -1.565594
01516 19.747437 -9.294189 -1.564584
01517 19.368558 -9.291641 -1.563558
01518 19.057791 -9.289269 -1.562768
01519 18.667161 -9.285949 -1.561828
01520 18.312440 -9.282616 -1.560974
01521 17.978849 -9.279205 -1.560171
01522 17.664088 -9.275742 -1.559414
01523 17.368145 -9.272268 -1.558702
01524 17.034676 -9.268105 -1.557925
01525 16.741359 -9.264254 -1.557411
01526 16.408300 -9.259736 -1.557052
01527 16.074668 -9.255094 -1.556719
01528 15.786430 -9.251009 -1.556527
01529 15.480682 -9.246640 -1.556493
01530 15.186201 -9.242432 -1.556519
01531 14.888094 -9.238180 -1.556546
01532 14.584547 -9.233858 -1.556574
01533 14.300425 -9.229820 -1.556599
01534 14.024939 -9.225912 -1.556624
01535 13.714758 -9.221520 -1.556652
01536 13.444473 -9.217700 -1.556676
01537 13.182744 -9.214007 -1.556699
01538 12.907176 -9.210126 -1.556724
01539 12.633830 -9.206282 -1.556749
01540 12.379956 -9.202719 -1.556772
01541 12.104886 -9.198864 -1.556796
01542 11.860158 -9.195447 -1.556874
01543 11.618974 -9.192128 -1.557200
01544 11.382178 -9.188964 -1.557667
01545 11.141393 -9.185866 -1.558194
01546 10.912612 -9.183040 -1.558695
01547 10.675181 -9.180228 -1.559214
01548 10.456647 -9.177749 -1.559692
01549 10.230886 -9.175291 -1.560124
01550 10.013942 -9.173017 -1.560506
01551 9.807554 -9.170928 -1.560846
01552 9.596724 -9.168867 -1.561193
01553 9.376015 -9.166787 -1.561556
01554 9.159026 -9.164821 -1.561914
01555 8.897907 -9.162558 -1.562343
01556 8.686527 -9.160798 -1.562599
01557 8.458721 -9.158960 -1.562857
01558 8.242287 -9.157252 -1.562949
01559 8.044851 -9.155689 -1.562812
01560 7.838645 -9.153990 -1.562303
01561 7.643502 -9.152236 -1.561317
01562 7.454359 -9.150307 -1.559872
01563 7.253538 -9.147877 -1.557521
01564 7.051056 -9.144894 -1.554609
01565 6.864333 -9.141612 -1.551835
01566 6.659136 -9.137364 -1.548359
01567 6.458832 -9.132434 -1.544020
01568 6.249225 -9.126171 -1.537831
01569 6.052835 -9.118902 -1.529774
01570 5.844808 -9.109157 -1.518197
01571 5.637450 -9.096669 -1.503090
01572 5.404221 -9.078342 -1.481667
01573 5.199584 -9.057925 -1.461040
01574 4.995579 -9.033070 -1.438078
01575 4.780627 -9.001278 -1.409834
01576 4.552477 -8.960050 -1.374201
01577 4.325815 -8.910085 -1.333458
01578 4.111921 -8.853528 -1.291134
01579 3.893841 -8.785170 -1.242954
01580 3.685052 -8.708171 -1.192006
01581 3.466907 -8.613997 -1.134520
01582 3.279467 -8.520674 -1.083166
01583 3.084860 -8.410540 -1.028451
01584 2.893918 -8.288137 -0.973022
01585 2.684851 -8.135993 -0.910386
01586 2.501400 -7.984901 -0.853259
01587 2.338454 -7.834929 -0.800420
01588 2.164037 -7.655315 -0.741017
01589 1.996230 -7.460505 -0.681117
01590 1.845870 -7.264256 -0.626422
01591 1.708018 -7.063369 -0.576411
01592 1.562309 -6.826293 -0.525773
01593 1.436413 -6.598136 -0.482666
01594 1.300287 -6.322366 -0.434398
01595 1.194802 -6.082352 -0.393772
01596 1.099361 -5.839274 -0.354511
01597 1.015905 -5.599946 -0.316537
01598 0.939048 -5.348601 -0.276970
01599 0.870596 -5.087446 -0.235724
01600 0.818197 -4.849871 -0.198437
01601 0.767149 -4.563079 -0.153870
01602 0.732233 -4.304132 -0.114189
01603 0.710147 -4.078153 -0.080658
01604 0.696681 -3.874673 -0.051506
01605 0.689124 -3.674748 -0.024055
01606 0.686956 -3.518248 -0.003646
01607 0.687476 -3.392139 0.011881
01608 0.689773 -3.270282 0.025813
01609 0.692812 -3.171996 0.036021
01610 0.696414 -3.082602 0.044524
01611 0.700385 -3.000212 0.051798
01612 0.704014 -2.933691 0.057182
01613 0.707483 -2.875198 0.061291
01614 0.710288 -2.830417 0.063817
01615 0.712618 -2.794406 0.065426
01616 0.714534 -2.765379 0.066437
01617 0.716005 -2.743384 0.067093
01618 0.717419 -2.722434 0.067647
01619 0.719024 -2.698820 0.068112
01620 0.720577 -2.676099 0.068388
01621 0.722325 -2.650603 0.068530
01622 0.724718 -2.615764 0.068637
01623 0.727628 -2.573470 0.068746
01624 0.730991 -2.524547 0.068520
01625 0.734600 -2.471653 0.067732
01626 0.737822 -2.423766 0.066626
01627 0.741177 -2.373000 0.065355
01628 0.744897 -2.315620 0.064128
01629 0.748399 -2.260739 0.063316
01630 0.751944 -2.204641 0.062888
01631 0.755456 -2.148807 0.062754
01632 0.759006 -2.092305 0.062740
01633 0.762854 -2.031036 0.062724
01634 0.766950 -1.965805 0.062699
01635 0.770847 -1.903723 0.062672
01636 0.774758 -1.841376 0.062625
01637 0.778736 -1.777910 0.062549
01638 0.782552 -1.716932 0.062475
01639 0.786483 -1.654062 0.062396
01640 0.790467 -1.590251 0.062315
01641 0.794535 -1.525013 0.062232
01642 0.798610 -1.459574 0.062150
01643 0.802680 -1.394129 0.062063
01644 0.807562 -1.315498 0.061956
01645 0.812449 -1.236655 0.061850
01646 0.816580 -1.169899 0.061759
01647 0.820522 -1.106093 0.061673
01648 0.824635 -1.039452 0.061583
01649 0.828449 -0.977546 0.061499
01650 0.833180 -0.900646 0.061395
01651 0.837731 -0.826559 0.061294
01652 0.841841 -0.759544 0.061200
01653 0.845501 -0.699757 0.061102
01654 0.848681 -0.647736 0.061016
01655 0.851252 -0.605632 0.060946
01656 0.852839 -0.579621 0.060903
01657 0.854099 -0.558948 0.060870
01658 0.854922 -0.545444 0.060849
01659 0.854922 -0.545444 0.060849
01660 0.854922 -0.545444 0.060849
01661 0.854922 -0.545444 0.060849
01662 0.854922 -0.545444 0.060849
01663 0.854922 -0.545444 0.060849
01664 0.854922 -0.545444 0.060849
01665 0.854922 -0.545444 0.060849
01666 0.854922 -0.545444 0.060849
01667 0.854922 -0.545444 0.060849
01668 0.854922 -0.545444 0.060849
01669 0.854922 -0.545444 0.060849
01670 0.854922 -0.545444 0.060849
01671 0.854922 -0.545444 0.060849
01672 0.854922 -0.545444 0.060849
01673 0.854922 -0.545444 0.060849
01674 0.854922 -0.545444 0.060849
01675 0.854922 -0.545444 0.060849
01676 0.854922 -0.545444 0.060849
01677 0.854922 -0.545444 0.060849
01678 0.854922 -0.545444 0.060849
01679 0.854922 -0.545444 0.060849
01680 0.854922 -0.545444 0.060849
01681 0.854922 -0.545444 0.060849
01682 0.854922 -0.545444 0.060849
01683 0.854922 -0.545444 0.060849
01684 0.854922 -0.545444 0.060849
01685 0.854922 -0.545444 0.060849
01686 0.854922 -0.545444 0.060849
01687 0.854922 -0.545444 0.060849
01688 0.854922 -0.545444 0.060849
01689 0.854922 -0.545444 0.060849
01690 0.854922 -0.545444 0.060849
01691 0.854922 -0.545444 0.060849
